1.1	0.02	0.01	0.005	0.002	0.001	0.0005	0.0002	0.0001	
Hui Fang	1.1	0	NaN	0	|	0.02	0.66796875	1	0.66796875	|	0.01	0.77734375	1	0.77734375	|	0.005	0.79296875	1	0.79296875	|	0.002	0.9296875	1	0.9296875	|	0.001	0.766467065868264	0.766467065868264	1	|	0.0005	0.766467065868264	0.766467065868264	1	|	0.0002	0.29732868757259	0.29732868757259	1	|	0.0001	0.29732868757259	0.29732868757259	1	|	
Ajay Gupta	1.1	0	NaN	0	|	0.02	0.3	0.923076923076923	0.307692307692308	|	0.01	0.438202247191011	0.78	0.5	|	0.005	0.527472527472527	0.786885245901639	0.615384615384615	|	0.002	0.527472527472527	0.786885245901639	0.615384615384615	|	0.001	0.641509433962264	0.708333333333333	0.871794871794872	|	0.0005	0.503703703703704	0.544	0.871794871794872	|	0.0002	0.503703703703704	0.544	0.871794871794872	|	0.0001	0.407185628742515	0.43312101910828	0.871794871794872	|	
Joseph Hellerstein	1.1	0	NaN	0	|	0.02	0.113462500893687	0.984491315136476	0.113665663944994	|	0.01	0.21884607135197	0.991898898250162	0.219237931528434	|	0.005	0.492915628337487	0.988153011704254	0.495845867354247	|	0.002	0.753312079348211	0.985814945299462	0.761567110729122	|	0.001	0.880766800084264	0.978240524099204	0.898366996132359	|	0.0005	0.926339442454884	0.979288842699131	0.9448503079788	|	0.0002	0.513254622410336	0.51589789520824	0.990116029222174	|	0.0001	0.513254622410336	0.51589789520824	0.990116029222174	|	
Rakesh Kumar	1.1	0	NaN	0	|	0.02	0.715733333333333	1	0.715733333333333	|	0.01	0.722015915119363	0.992706053975201	0.725866666666667	|	0.005	0.89973474801061	0.994138335287222	0.904533333333333	|	0.002	0.906610703043022	0.982376350198977	0.9216	|	0.001	0.839761248852158	0.857879924953096	0.975466666666667	|	0.0005	0.82014072119613	0.823763250883392	0.994666666666667	|	0.0002	0.362420011634671	0.362842166569598	0.9968	|	0.0001	0.362420011634671	0.362842166569598	0.9968	|	
Michael Wagner	1.1	0	NaN	0	|	0.02	0.466887417218543	0.986013986013986	0.47	|	0.01	0.819620253164557	0.941818181818182	0.863333333333333	|	0.005	0.83596214511041	0.939716312056738	0.883333333333333	|	0.002	0.735	0.746192893401015	0.98	|	0.001	0.724137931034483	0.735	0.98	|	0.0005	0.644736842105263	0.653333333333333	0.98	|	0.0002	0.42180774748924	0.425470332850941	0.98	|	0.0001	0.383311603650587	0.386333771353482	0.98	|	
Bing Liu	1.1	0	NaN	0	|	0.02	0.117101449275362	0.977734753146176	0.117414554754708	|	0.01	0.181661098951734	0.952294685990338	0.18332945826552	|	0.005	0.416182387125615	0.914987714987715	0.432922576145083	|	0.002	0.6171875	0.842075736325386	0.697977214601256	|	0.001	0.743924302788845	0.838553946334344	0.868286445012788	|	0.0005	0.66282965380981	0.717433751743375	0.897000697512206	|	0.0002	0.54726368159204	0.551971326164875	0.9846547314578	|	0.0001	0.47406999173326	0.47406999173326	1	|	
Jim Smith	1.1	0	NaN	0	|	0.02	0.306122448979592	1	0.306122448979592	|	0.01	0.470957613814757	1	0.470957613814757	|	0.005	0.558869701726845	1	0.558869701726845	|	0.002	0.864992150706436	1	0.864992150706436	|	0.001	0.864992150706436	1	0.864992150706436	|	0.0005	0.471343028229256	0.508771929824561	0.864992150706436	|	0.0002	0.502899751449876	0.51571792693288	0.952904238618524	|	0.0001	0.48328025477707	0.49510603588907	0.952904238618524	|	
Lei Wang	1.1	0	NaN	0	|	0.02	0.289806234203875	0.614285714285714	0.35427394438723	|	0.01	0.323840817816721	0.526722090261283	0.456745623069001	|	0.005	0.378	0.517335766423358	0.583934088568486	|	0.002	0.364940432774131	0.408769063180828	0.772914521112255	|	0.001	0.260476030841435	0.278594478307637	0.800205973223481	|	0.0005	0.121328742151104	0.122528296740761	0.925334706488157	|	0.0002	0.0518950280695157	0.0519089712243746	0.994850669412976	|	0.0001	0.0472419842120651	0.0472454374893399	0.998455200823893	|	
Wei Wang	1.1	0	NaN	0	|	0.02	0.237526488152572	0.799610894941634	0.252560426054896	|	0.01	0.300476855082577	0.669560710120513	0.352792571350539	|	0.005	0.339296335270165	0.507007588705818	0.506349856616141	|	0.002	0.284715602160788	0.307229710125814	0.795302471664618	|	0.001	0.27315625949027	0.293395895016811	0.798374982930493	|	0.0005	0.152500056485687	0.154502065902874	0.921685101734262	|	0.0002	0.0743912473714686	0.0743912473714686	1	|	0.0001	0.0743912473714686	0.0743912473714686	1	|	
Bin Yu	1.1	0	NaN	0	|	0.02	0.292964244521338	0.944237918215613	0.2981220657277	|	0.01	0.401368301026226	0.93368700265252	0.413145539906103	|	0.005	0.436730123180291	0.904872389791183	0.457746478873239	|	0.002	0.376404494382022	0.650485436893204	0.471830985915493	|	0.001	0.424193548387097	0.575492341356674	0.617370892018779	|	0.0005	0.442700156985871	0.572008113590264	0.661971830985916	|	0.0002	0.45207756232687	0.46127755794234	0.957746478873239	|	0.0001	0.427225130890052	0.435432230522946	0.957746478873239	|	
Average accuracy/precision/recall
1.1	0	NaN	0
0.02	0.35075728665783	0.922945150481652	0.360355349487476
0.01	0.465433292351892	0.87886876230682	0.496275248793435
0.005	0.567813234623395	0.855309636485793	0.623188860133532
0.002	0.636032298988714	0.770982938132633	0.78112565701138
0.001	0.641938477201552	0.703195750926936	0.867485897848588
0.0005	0.551208941298997	0.584209665058596	0.906229633386732
0.0002	0.372704204362031	0.380080611183731	0.972886701937959
0.0001	0.346970916299462	0.352176848281827	0.97478168193327
