1.1	0.02	0.01	0.005	0.002	0.001	0.0005	0.0002	0.0001	
Hui Fang	1.1	0	NaN	0	|	0.02	0.60546875	1	0.60546875	|	0.01	0.75390625	1	0.75390625	|	0.005	0.77734375	1	0.77734375	|	0.002	0.9296875	1	0.9296875	|	0.001	0.977099236641221	0.977099236641221	1	|	0.0005	0.766467065868264	0.766467065868264	1	|	0.0002	0.29732868757259	0.29732868757259	1	|	0.0001	0.29732868757259	0.29732868757259	1	|	
Ajay Gupta	1.1	0	NaN	0	|	0.02	0.296296296296296	0.888888888888889	0.307692307692308	|	0.01	0.527472527472527	0.786885245901639	0.615384615384615	|	0.005	0.527472527472527	0.786885245901639	0.615384615384615	|	0.002	0.527472527472527	0.786885245901639	0.615384615384615	|	0.001	0.641509433962264	0.708333333333333	0.871794871794872	|	0.0005	0.503703703703704	0.544	0.871794871794872	|	0.0002	0.503703703703704	0.544	0.871794871794872	|	0.0001	0.407185628742515	0.43312101910828	0.871794871794872	|	
Joseph Hellerstein	1.1	0	NaN	0	|	0.02	0.0822789334477089	0.977079796264856	0.082438046125197	|	0.01	0.196154121095146	0.990256225189462	0.196533447930096	|	0.005	0.25103615835358	0.990973201692525	0.251611516974645	|	0.002	0.549911940824234	0.971016295559149	0.559088955737	|	0.001	0.856974159488747	0.966016756714431	0.883612662942272	|	0.0005	0.911752462883308	0.966750036780933	0.941269159146254	|	0.0002	0.513254622410336	0.51589789520824	0.990116029222174	|	0.0001	0.513254622410336	0.51589789520824	0.990116029222174	|	
Rakesh Kumar	1.1	0	NaN	0	|	0.02	0.676266666666667	1	0.676266666666667	|	0.01	0.729155602761551	0.994207096307024	0.732266666666667	|	0.005	0.891246684350133	0.994082840236686	0.896	|	0.002	0.906610703043022	0.982376350198977	0.9216	|	0.001	0.92392444910808	0.982700892857143	0.9392	|	0.0005	0.839761248852158	0.857879924953096	0.975466666666667	|	0.0002	0.731220657276995	0.732941176470588	0.9968	|	0.0001	0.362420011634671	0.362842166569598	0.9968	|	
Michael Wagner	1.1	0	NaN	0	|	0.02	0.463576158940397	0.985915492957747	0.466666666666667	|	0.01	0.841059602649007	0.9921875	0.846666666666667	|	0.005	0.83596214511041	0.939716312056738	0.883333333333333	|	0.002	0.735	0.746192893401015	0.98	|	0.001	0.724137931034483	0.735	0.98	|	0.0005	0.644736842105263	0.653333333333333	0.98	|	0.0002	0.42180774748924	0.425470332850941	0.98	|	0.0001	0.383311603650587	0.386333771353482	0.98	|	
Bing Liu	1.1	0	NaN	0	|	0.02	0.0709228090539756	0.979166666666667	0.0710299930248779	|	0.01	0.121313750433676	0.958866544789762	0.121948384096722	|	0.005	0.218499885662017	0.92992700729927	0.222157637758661	|	0.002	0.51405791019723	0.840480274442539	0.569634968611951	|	0.001	0.711426856113668	0.836273817925194	0.826551964659382	|	0.0005	0.591791458679978	0.650156685236769	0.868286445012788	|	0.0002	0.570535528235049	0.586337354557784	0.954894210648686	|	0.0001	0.47406999173326	0.47406999173326	1	|	
Jim Smith	1.1	0	NaN	0	|	0.02	0.356357927786499	1	0.356357927786499	|	0.01	0.384615384615385	1	0.384615384615385	|	0.005	0.518053375196232	1	0.518053375196232	|	0.002	0.864992150706436	1	0.864992150706436	|	0.001	0.864992150706436	1	0.864992150706436	|	0.0005	0.471343028229256	0.508771929824561	0.864992150706436	|	0.0002	0.502899751449876	0.51571792693288	0.952904238618524	|	0.0001	0.48328025477707	0.49510603588907	0.952904238618524	|	
Lei Wang	1.1	0	NaN	0	|	0.02	0.421001458434614	0.882772680937819	0.445932028836251	|	0.01	0.47937472861485	0.75358361774744	0.568486096807415	|	0.005	0.554226167502895	0.688729016786571	0.739443872296601	|	0.002	0.529022988505747	0.544835750221959	0.947991761071061	|	0.001	0.489116181484396	0.499197002141328	0.960350154479918	|	0.0005	0.186226004353849	0.187338244077245	0.969104016477858	|	0.0002	0.0469899341850561	0.0469899341850561	1	|	0.0001	0.0469899341850561	0.0469899341850561	1	|	
Wei Wang	1.1	0	NaN	0	|	0.02	0.240918803418803	0.916201117318436	0.246347125495016	|	0.01	0.34750581545619	0.866301546391753	0.367199235286085	|	0.005	0.452362292879534	0.715196035047349	0.551754745322955	|	0.002	0.286328792808691	0.324459442569679	0.708999044107606	|	0.001	0.265590451452247	0.279220925771288	0.844735764031135	|	0.0005	0.203997761253698	0.210351878112324	0.871022804861396	|	0.0002	0.0751065368225104	0.0751065368225104	1	|	0.0001	0.0743912473714686	0.0743912473714686	1	|	
Bin Yu	1.1	0	NaN	0	|	0.02	0.289566236811254	0.995967741935484	0.289906103286385	|	0.01	0.4	0.862559241706161	0.427230046948357	|	0.005	0.424702058504875	0.846652267818575	0.460093896713615	|	0.002	0.380681818181818	0.663366336633663	0.471830985915493	|	0.001	0.424193548387097	0.575492341356674	0.617370892018779	|	0.0005	0.442700156985871	0.572008113590264	0.661971830985916	|	0.0002	0.45207756232687	0.46127755794234	0.957746478873239	|	0.0001	0.427225130890052	0.435432230522946	0.957746478873239	|	
Average accuracy/precision/recall
1.1	0	NaN	0
0.02	0.350265404085622	0.96259923849699	0.354810561557987
0.01	0.478055778309833	0.920484701803324	0.501423679440201
0.005	0.54509050450322	0.889216192683935	0.591517674298066
0.002	0.622376633173971	0.785961258892862	0.756920998153416
0.001	0.687896439837864	0.755933430674061	0.878860846063279
0.0005	0.556247973291535	0.591705721177679	0.900390794565219
0.0002	0.411492473147223	0.420106740254293	0.97042558291575
0.0001	0.346945711296761	0.352151297951399	0.974936161850881
