1.1	0.02	0.01	0.005	0.002	0.001	0.0005	0.0002	0.0001	
Hui Fang	1.1	0	NaN	0	|	0.02	0.66796875	1	0.66796875	|	0.01	0.75390625	1	0.75390625	|	0.005	0.79296875	1	0.79296875	|	0.002	0.9296875	1	0.9296875	|	0.001	0.766467065868264	0.766467065868264	1	|	0.0005	0.766467065868264	0.766467065868264	1	|	0.0002	0.29732868757259	0.29732868757259	1	|	0.0001	0.29732868757259	0.29732868757259	1	|	
Ajay Gupta	1.1	0	NaN	0	|	0.02	0.296296296296296	0.888888888888889	0.307692307692308	|	0.01	0.433333333333333	0.764705882352941	0.5	|	0.005	0.527472527472527	0.786885245901639	0.615384615384615	|	0.002	0.527472527472527	0.786885245901639	0.615384615384615	|	0.001	0.641509433962264	0.708333333333333	0.871794871794872	|	0.0005	0.503703703703704	0.544	0.871794871794872	|	0.0002	0.503703703703704	0.544	0.871794871794872	|	0.0001	0.407185628742515	0.43312101910828	0.871794871794872	|	
Joseph Hellerstein	1.1	0	NaN	0	|	0.02	0.105797412252484	0.982083609820836	0.106002005443346	|	0.01	0.17864799199657	0.987361769352291	0.179057441627274	|	0.005	0.375124875124875	0.99020531173479	0.376521988253832	|	0.002	0.613849600896233	0.96478485748872	0.627918636298525	|	0.001	0.824460331783161	0.963888663474803	0.850737716659504	|	0.0005	0.905904314159292	0.963101800808526	0.938475863056869	|	0.0002	0.513254622410336	0.51589789520824	0.990116029222174	|	0.0001	0.513254622410336	0.51589789520824	0.990116029222174	|	
Rakesh Kumar	1.1	0	NaN	0	|	0.02	0.690957446808511	0.996165644171779	0.6928	|	0.01	0.722192936215076	0.984195402298851	0.730666666666667	|	0.005	0.868740115972588	0.986826347305389	0.878933333333333	|	0.002	0.913020558777016	0.987457240592931	0.923733333333333	|	0.001	0.858548009367682	0.875776397515528	0.9776	|	0.0005	0.83886894075404	0.841134113411341	0.9968	|	0.0002	0.362420011634671	0.362842166569598	0.9968	|	0.0001	0.362420011634671	0.362842166569598	0.9968	|	
Michael Wagner	1.1	0	NaN	0	|	0.02	0.473509933774834	0.986206896551724	0.476666666666667	|	0.01	0.841059602649007	0.9921875	0.846666666666667	|	0.005	0.786144578313253	0.890784982935154	0.87	|	0.002	0.725	0.743589743589744	0.966666666666667	|	0.001	0.711864406779661	0.722358722358722	0.98	|	0.0005	0.634989200863931	0.643326039387308	0.98	|	0.0002	0.42180774748924	0.425470332850941	0.98	|	0.0001	0.349583828775268	0.352095808383234	0.98	|	
Bing Liu	1.1	0	NaN	0	|	0.02	0.0772795736299386	0.958333333333333	0.0775401069518717	|	0.01	0.166532025389498	0.958167330677291	0.167751685654499	|	0.005	0.386378886155223	0.910408432147563	0.401650778888631	|	0.002	0.470781712531521	0.892167047579472	0.499186235759126	|	0.001	0.743924302788845	0.838553946334344	0.868286445012788	|	0.0005	0.616698142902109	0.65620028468559	0.911067193675889	|	0.0002	0.570535528235049	0.586337354557784	0.954894210648686	|	0.0001	0.47406999173326	0.47406999173326	1	|	
Jim Smith	1.1	0	NaN	0	|	0.02	0.312401883830455	1	0.312401883830455	|	0.01	0.395604395604396	1	0.395604395604396	|	0.005	0.518053375196232	1	0.518053375196232	|	0.002	0.864992150706436	1	0.864992150706436	|	0.001	0.864992150706436	1	0.864992150706436	|	0.0005	0.471343028229256	0.508771929824561	0.864992150706436	|	0.0002	0.502899751449876	0.51571792693288	0.952904238618524	|	0.0001	0.48328025477707	0.49510603588907	0.952904238618524	|	
Lei Wang	1.1	0	NaN	0	|	0.02	0.364625850340136	0.753514526710403	0.414006179196704	|	0.01	0.388695315524584	0.610334346504559	0.516992790937178	|	0.005	0.384615384615385	0.497959183673469	0.62821833161689	|	0.002	0.39558707643814	0.446751705725304	0.775489186405767	|	0.001	0.301377952755906	0.327907474834012	0.788362512873326	|	0.0005	0.130476051401869	0.131969573886714	0.920185375901133	|	0.0002	0.0472419842120651	0.0472454374893399	0.998455200823893	|	0.0001	0.0472419842120651	0.0472454374893399	0.998455200823893	|	
Wei Wang	1.1	0	NaN	0	|	0.02	0.234268284596512	0.890372983870968	0.241226273385225	|	0.01	0.343015645452845	0.797536231884058	0.375733988802403	|	0.005	0.333457605453771	0.6025406601867	0.427488734125358	|	0.002	0.259770733018845	0.288060712833717	0.72565888297146	|	0.001	0.251459381434545	0.267349748358121	0.808821521234467	|	0.0005	0.173594099119714	0.177779309394169	0.880581728799672	|	0.0002	0.0743912473714686	0.0743912473714686	1	|	0.0001	0.0743912473714686	0.0743912473714686	1	|	
Bin Yu	1.1	0	NaN	0	|	0.02	0.267131242740999	0.96234309623431	0.269953051643193	|	0.01	0.442660550458716	0.950738916256158	0.453051643192488	|	0.005	0.436730123180291	0.904872389791183	0.457746478873239	|	0.002	0.376404494382022	0.650485436893204	0.471830985915493	|	0.001	0.424193548387097	0.575492341356674	0.617370892018779	|	0.0005	0.366710013003901	0.4512	0.661971830985916	|	0.0002	0.45207756232687	0.46127755794234	0.957746478873239	|	0.0001	0.223072717331875	0.225289895085588	0.957746478873239	|	
Average accuracy/precision/recall
1.1	0	NaN	0
0.02	0.349023667427017	0.941790897958224	0.356625722480977
0.01	0.466564804662403	0.904522737932615	0.491943152915157
0.005	0.540968622148415	0.857048255367589	0.596696638567213
0.002	0.607656635422274	0.776018199060473	0.740054819344142
0.001	0.638879658383386	0.70461276934338	0.862796611030017
0.0005	0.540875456000608	0.568395011726648	0.902586901492079
0.0002	0.374566084640587	0.383050860649518	0.970271102998139
0.0001	0.323182897456112	0.327738818441067	0.97478168193327
