1.1	0.02	0.01	0.005	0.002	0.001	0.0005	0.0002	0.0001	
Hui Fang	1.1	0	NaN	0	|	0.02	0.66796875	1	0.66796875	|	0.01	0.77734375	1	0.77734375	|	0.005	0.77734375	1	0.77734375	|	0.002	0.9296875	1	0.9296875	|	0.001	0.977099236641221	0.977099236641221	1	|	0.0005	0.766467065868264	0.766467065868264	1	|	0.0002	0.29732868757259	0.29732868757259	1	|	0.0001	0.29732868757259	0.29732868757259	1	|	
Ajay Gupta	1.1	0	NaN	0	|	0.02	0.3	0.923076923076923	0.307692307692308	|	0.01	0.438202247191011	0.78	0.5	|	0.005	0.527472527472527	0.786885245901639	0.615384615384615	|	0.002	0.527472527472527	0.786885245901639	0.615384615384615	|	0.001	0.641509433962264	0.708333333333333	0.871794871794872	|	0.0005	0.503703703703704	0.544	0.871794871794872	|	0.0002	0.503703703703704	0.544	0.871794871794872	|	0.0001	0.407185628742515	0.43312101910828	0.871794871794872	|	
Joseph Hellerstein	1.1	0	NaN	0	|	0.02	0.106524538560595	0.98936877076412	0.106646612233204	|	0.01	0.251377065598398	0.995185499858397	0.251683139951296	|	0.005	0.514691199543574	0.991754844029133	0.516903022489615	|	0.002	0.722202436070945	0.992462803445576	0.726185360263573	|	0.001	0.889825152728039	0.978457261987491	0.907606360120327	|	0.0005	0.93574889403834	0.979492833517089	0.954447786850022	|	0.0002	0.513254622410336	0.51589789520824	0.990116029222174	|	0.0001	0.513254622410336	0.51589789520824	0.990116029222174	|	
Rakesh Kumar	1.1	0	NaN	0	|	0.02	0.706133333333333	1	0.706133333333333	|	0.01	0.729155602761551	0.994207096307024	0.732266666666667	|	0.005	0.891246684350133	0.994082840236686	0.896	|	0.002	0.906610703043022	0.982376350198977	0.9216	|	0.001	0.92392444910808	0.982700892857143	0.9392	|	0.0005	0.839761248852158	0.857879924953096	0.975466666666667	|	0.0002	0.731220657276995	0.732941176470588	0.9968	|	0.0001	0.362420011634671	0.362842166569598	0.9968	|	
Michael Wagner	1.1	0	NaN	0	|	0.02	0.466887417218543	0.986013986013986	0.47	|	0.01	0.819620253164557	0.941818181818182	0.863333333333333	|	0.005	0.83596214511041	0.939716312056738	0.883333333333333	|	0.002	0.735	0.746192893401015	0.98	|	0.001	0.724137931034483	0.735	0.98	|	0.0005	0.644736842105263	0.653333333333333	0.98	|	0.0002	0.42180774748924	0.425470332850941	0.98	|	0.0001	0.383311603650587	0.386333771353482	0.98	|	
Bing Liu	1.1	0	NaN	0	|	0.02	0.1053242083285	0.97950377562028	0.105556847244827	|	0.01	0.186430883032825	0.969933854479856	0.187514531504301	|	0.005	0.472219116825042	0.924895992993212	0.491048593350384	|	0.002	0.685355733225382	0.841137746863744	0.787258777028598	|	0.001	0.75809029165002	0.843333333333333	0.882352941176471	|	0.0005	0.75492341356674	0.839416058394161	0.882352941176471	|	0.0002	0.54726368159204	0.551971326164875	0.9846547314578	|	0.0001	0.47406999173326	0.47406999173326	1	|	
Jim Smith	1.1	0	NaN	0	|	0.02	0.356357927786499	1	0.356357927786499	|	0.01	0.447409733124019	1	0.447409733124019	|	0.005	0.558869701726845	1	0.558869701726845	|	0.002	0.864992150706436	1	0.864992150706436	|	0.001	0.864992150706436	1	0.864992150706436	|	0.0005	0.471343028229256	0.508771929824561	0.864992150706436	|	0.0002	0.502899751449876	0.51571792693288	0.952904238618524	|	0.0001	0.48328025477707	0.49510603588907	0.952904238618524	|	
Lei Wang	1.1	0	NaN	0	|	0.02	0.323116219667944	0.650943396226415	0.390834191555098	|	0.01	0.367914042237866	0.567428571428571	0.511328527291452	|	0.005	0.408695652173913	0.538325991189427	0.629248197734295	|	0.002	0.4	0.454159077109897	0.770339855818744	|	0.001	0.279921047909564	0.300520130995955	0.803295571575695	|	0.0005	0.144734720206418	0.146470828233374	0.924304840370752	|	0.0002	0.0540792672584384	0.054123638421276	0.985066941297631	|	0.0001	0.0472419842120651	0.0472454374893399	0.998455200823893	|	
Wei Wang	1.1	0	NaN	0	|	0.02	0.259450061175865	0.820236156351791	0.275092175337976	|	0.01	0.355179968701095	0.810224189633014	0.387409531612727	|	0.005	0.373771780427093	0.509100642398287	0.584391642769357	|	0.002	0.291106014271152	0.317155787544771	0.779939915335245	|	0.001	0.268298833184329	0.287701875568447	0.799126041239929	|	0.0005	0.216455322913595	0.224913931397466	0.851973235012973	|	0.0002	0.0751065368225104	0.0751065368225104	1	|	0.0001	0.0743912473714686	0.0743912473714686	1	|	
Bin Yu	1.1	0	NaN	0	|	0.02	0.292964244521338	0.944237918215613	0.2981220657277	|	0.01	0.401368301026226	0.93368700265252	0.413145539906103	|	0.005	0.440677966101695	0.921985815602837	0.457746478873239	|	0.002	0.380681818181818	0.663366336633663	0.471830985915493	|	0.001	0.424193548387097	0.575492341356674	0.617370892018779	|	0.0005	0.442700156985871	0.572008113590264	0.661971830985916	|	0.0002	0.45207756232687	0.46127755794234	0.957746478873239	|	0.0001	0.427225130890052	0.435432230522946	0.957746478873239	|	
Average accuracy/precision/recall
1.1	0	NaN	0
0.02	0.358472670059262	0.929338092626913	0.368440421091094
0.01	0.477400184683755	0.899248439617756	0.50714347533899
0.005	0.580095052373123	0.860674768440796	0.641026933566168
0.002	0.644310888297128	0.778373624109928	0.784721916045271
0.001	0.675199207531153	0.73886384060736	0.866573882863251
0.0005	0.572057439646961	0.609275401911161	0.896730432356411
0.0002	0.40987422179026	0.417383507838624	0.971908329126424
0.0001	0.346970916299462	0.352176848281827	0.97478168193327
