1.1	0.02	0.01	0.005	0.002	0.001	0.0005	
Hui Fang	1.1	0	NaN	0	|	0.02	1	1	1	|	0.01	1	1	1	|	0.005	1	1	1	|	0.002	1	1	1	|	0.001	1	1	1	|	0.0005	1	1	1	|	
Ajay Gupta	1.1	0	NaN	0	|	0.02	0.758620689655172	1	0.758620689655172	|	0.01	0.931034482758621	1	0.931034482758621	|	0.005	0.931034482758621	1	0.931034482758621	|	0.002	0.658536585365854	0.692307692307692	0.931034482758621	|	0.001	0.473684210526316	0.490909090909091	0.931034482758621	|	0.0005	0.473684210526316	0.490909090909091	0.931034482758621	|	
Rakesh Kumar	1.1	0	NaN	0	|	0.02	1	1	1	|	0.01	1	1	1	|	0.005	1	1	1	|	0.002	1	1	1	|	0.001	1	1	1	|	0.0005	1	1	1	|	
Bing Liu	1.1	0	NaN	0	|	0.02	0.241342377722242	0.982558139534884	0.242380781642166	|	0.01	0.387906647807638	0.965669014084507	0.393330942990319	|	0.005	0.658536585365854	0.906206896551724	0.706704912154894	|	0.002	0.697236562405102	0.82	0.823234134098243	|	0.001	0.717272727272727	0.822446143154969	0.848691287199713	|	0.0005	0.749551166965889	0.819162851536952	0.89817138759412	|	
Jim Smith	1.1	0	NaN	0	|	0.02	0.75	1	0.75	|	0.01	0.916666666666667	1	0.916666666666667	|	0.005	0.916666666666667	1	0.916666666666667	|	0.002	0.916666666666667	1	0.916666666666667	|	0.001	1	1	1	|	0.0005	1	1	1	|	
Michael Wagner	1.1	0	NaN	0	|	0.02	0.640243902439024	1	0.640243902439024	|	0.01	0.640243902439024	1	0.640243902439024	|	0.005	0.61046511627907	0.929203539823009	0.640243902439024	|	0.002	0.854651162790698	0.948387096774194	0.896341463414634	|	0.001	0.641921397379913	0.693396226415094	0.896341463414634	|	0.0005	0.641921397379913	0.693396226415094	0.896341463414634	|	
Lei Wang	1.1	0	NaN	0	|	0.02	0.52020202020202	0.936363636363636	0.539267015706806	|	0.01	0.466386554621849	0.70253164556962	0.581151832460733	|	0.005	0.501742160278746	0.6	0.753926701570681	|	0.002	0.5	0.594262295081967	0.759162303664921	|	0.001	0.347504621072089	0.349442379182156	0.984293193717278	|	0.0005	0.275613275613276	0.275613275613276	1	|	
Wei Wang	1.1	0	NaN	0	|	0.02	0.467946100449163	0.868840030326005	0.503514938488576	|	0.01	0.456637168141593	0.701468189233279	0.566783831282953	|	0.005	0.510487862361537	0.524074522138882	0.951669595782074	|	0.002	0.332101138547982	0.333580870340116	0.986818980667838	|	0.001	0.331708757938266	0.333184987390595	0.986818980667838	|	0.0005	0.331708757938266	0.333184987390595	0.986818980667838	|	
Bin Yu	1.1	0	NaN	0	|	0.02	0.625531914893617	1	0.625531914893617	|	0.01	0.685106382978723	1	0.685106382978723	|	0.005	0.540268456375839	0.71875	0.685106382978723	|	0.002	0.632352941176471	0.671875	0.914893617021277	|	0.001	0.632352941176471	0.671875	0.914893617021277	|	0.0005	0.632352941176471	0.671875	0.914893617021277	|	
Joseph Hellerstein	1.1	0	NaN	0	|	0.02	0.206512275814034	0.976935749588138	0.207524059492563	|	0.01	0.345186470078057	0.975490196078431	0.348206474190726	|	0.005	0.464991334488735	0.97991234477721	0.469466316710411	|	0.002	0.802845528455285	0.961655508216677	0.829396325459318	|	0.001	0.839675291730086	0.961650203370134	0.868766404199475	|	0.0005	0.844869906725577	0.928764166216945	0.903412073490814	|	
Average accuracy/precision/recall
1.1	0	NaN	0
0.02	0.621039928117527	0.976469755581266	0.626708330231793
0.01	0.682916827549217	0.934515904496584	0.706252451576777
0.005	0.713419266457507	0.865814730329083	0.80548189610611
0.002	0.739439058540806	0.802206846272065	0.905754797375152
0.001	0.698411994709587	0.732290403042204	0.943083942897884
0.0005	0.694970165632571	0.721290559808195	0.95306720049473
