1.1	0.02	0.01	0.005	0.002	0.001	0.0005	0.0002	0.0001	
Hui Fang	1.1	0	NaN	0	|	0.02	0.66796875	1	0.66796875	|	0.01	0.76953125	1	0.76953125	|	0.005	0.79296875	1	0.79296875	|	0.002	0.9296875	1	0.9296875	|	0.001	0.766467065868264	0.766467065868264	1	|	0.0005	0.766467065868264	0.766467065868264	1	|	0.0002	0.29732868757259	0.29732868757259	1	|	0.0001	0.29732868757259	0.29732868757259	1	|	
Ajay Gupta	1.1	0	NaN	0	|	0.02	0.296296296296296	0.888888888888889	0.307692307692308	|	0.01	0.527472527472527	0.786885245901639	0.615384615384615	|	0.005	0.527472527472527	0.786885245901639	0.615384615384615	|	0.002	0.470588235294118	0.666666666666667	0.615384615384615	|	0.001	0.566666666666667	0.618181818181818	0.871794871794872	|	0.0005	0.503703703703704	0.544	0.871794871794872	|	0.0002	0.503703703703704	0.544	0.871794871794872	|	0.0001	0.407185628742515	0.43312101910828	0.871794871794872	|	
Joseph Hellerstein	1.1	0	NaN	0	|	0.02	0.109300164414897	0.982647814910026	0.109511531299241	|	0.01	0.213556903317874	0.982600131319764	0.214367569116172	|	0.005	0.376907245759705	0.976286764705882	0.380389628992981	|	0.002	0.672380558997659	0.945407027393282	0.699541612949434	|	0.001	0.809396616670091	0.948703540178213	0.84644033806045	|	0.0005	0.847459902019999	0.930787941328223	0.904454949147687	|	0.0002	0.513254622410336	0.51589789520824	0.990116029222174	|	0.0001	0.513254622410336	0.51589789520824	0.990116029222174	|	
Rakesh Kumar	1.1	0	NaN	0	|	0.02	0.677316293929712	0.997647058823529	0.6784	|	0.01	0.863035430988895	0.990291262135922	0.8704	|	0.005	0.913273400317292	0.990820424555364	0.921066666666667	|	0.002	0.913456464379947	0.988577955454026	0.9232	|	0.001	0.870702179176755	0.904426559356137	0.958933333333333	|	0.0005	0.760374288039056	0.762234910277325	0.9968	|	0.0002	0.362420011634671	0.362842166569598	0.9968	|	0.0001	0.362420011634671	0.362842166569598	0.9968	|	
Michael Wagner	1.1	0	NaN	0	|	0.02	0.473509933774834	0.986206896551724	0.476666666666667	|	0.01	0.838283828382838	0.988326848249027	0.846666666666667	|	0.005	0.849397590361446	0.898089171974522	0.94	|	0.002	0.725	0.743589743589744	0.966666666666667	|	0.001	0.634989200863931	0.643326039387308	0.98	|	0.0005	0.634989200863931	0.643326039387308	0.98	|	0.0002	0.42180774748924	0.425470332850941	0.98	|	0.0001	0.349583828775268	0.352095808383234	0.98	|	
Bing Liu	1.1	0	NaN	0	|	0.02	0.0762996410790784	0.949567723342939	0.0766100906765868	|	0.01	0.167050161067648	0.941634241245136	0.168797953964194	|	0.005	0.385921787709497	0.908469226722778	0.40153452685422	|	0.002	0.605484798685292	0.838668373879641	0.6853057428505	|	0.001	0.72384236453202	0.825969645868465	0.854103696814694	|	0.0005	0.609757995486733	0.648407116259826	0.910950941641479	|	0.0002	0.492591062046166	0.500209819555183	0.970006975122065	|	0.0001	0.47406999173326	0.47406999173326	1	|	
Jim Smith	1.1	0	NaN	0	|	0.02	0.312401883830455	1	0.312401883830455	|	0.01	0.395604395604396	1	0.395604395604396	|	0.005	0.558869701726845	1	0.558869701726845	|	0.002	0.864992150706436	1	0.864992150706436	|	0.001	0.864992150706436	1	0.864992150706436	|	0.0005	0.471343028229256	0.508771929824561	0.864992150706436	|	0.0002	0.48328025477707	0.49510603588907	0.952904238618524	|	0.0001	0.48328025477707	0.49510603588907	0.952904238618524	|	
Lei Wang	1.1	0	NaN	0	|	0.02	0.344362211580322	0.69022687609075	0.407312049433574	|	0.01	0.417721518987342	0.668627450980392	0.526776519052523	|	0.005	0.390406162464986	0.54953178905865	0.574150360453141	|	0.002	0.456688741721854	0.484678099522069	0.887744593202884	|	0.001	0.310597923379878	0.322550659973973	0.89340885684861	|	0.0005	0.105015767239841	0.106133493686109	0.908856848609681	|	0.0002	0.0472419842120651	0.0472454374893399	0.998455200823893	|	0.0001	0.0469899341850561	0.0469899341850561	1	|	
Wei Wang	1.1	0	NaN	0	|	0.02	0.241783885395735	0.826867656838838	0.254677044926942	|	0.01	0.322708669229815	0.778575703171753	0.35531885839137	|	0.005	0.333316478737928	0.562313401006568	0.45008876143657	|	0.002	0.273638716486167	0.302155878027802	0.743547726341663	|	0.001	0.259761884938806	0.272025807576616	0.852109791069234	|	0.0005	0.0955192800039936	0.096379820250268	0.914515908780554	|	0.0002	0.0743912473714686	0.0743912473714686	1	|	0.0001	0.0743912473714686	0.0743912473714686	1	|	
Bin Yu	1.1	0	NaN	0	|	0.02	0.266203703703704	0.950413223140496	0.269953051643193	|	0.01	0.436158192090395	0.921241050119332	0.453051643192488	|	0.005	0.423200859291085	0.832980972515856	0.462441314553991	|	0.002	0.475728155339806	0.733532934131736	0.575117370892019	|	0.001	0.448330683624801	0.581443298969072	0.661971830985916	|	0.0005	0.366710013003901	0.4512	0.661971830985916	|	0.0002	0.45207756232687	0.46127755794234	0.957746478873239	|	0.0001	0.223072717331875	0.225289895085588	0.957746478873239	|	
Average accuracy/precision/recall
1.1	0	NaN	0
0.02	0.346544276400503	0.927246613858719	0.356119337616897
0.01	0.495112287714173	0.905818193312297	0.521589947137243
0.005	0.555173450384131	0.850537699644126	0.609689432606903
0.002	0.638764532161128	0.770327667866497	0.789118797899422
0.001	0.625574673642765	0.688309443535987	0.878375486961355
0.0005	0.516134024445868	0.545770831688189	0.901433750166662
0.0002	0.364809688354418	0.372376918044877	0.971782379445477
0.0001	0.323157692453411	0.327713268110638	0.974936161850881
