1.1	0.02	0.01	0.005	0.002	0.001	0.0005	
Hui Fang	1.1	0	NaN	0	|	0.02	1	1	1	|	0.01	1	1	1	|	0.005	1	1	1	|	0.002	0.277777777777778	0.277777777777778	1	|	0.001	0.277777777777778	0.277777777777778	1	|	0.0005	0.277777777777778	0.277777777777778	1	|	
Ajay Gupta	1.1	0	NaN	0	|	0.02	0.758620689655172	1	0.758620689655172	|	0.01	0.931034482758621	1	0.931034482758621	|	0.005	0.771428571428571	0.818181818181818	0.931034482758621	|	0.002	0.617021276595745	0.617021276595745	1	|	0.001	0.617021276595745	0.617021276595745	1	|	0.0005	0.446153846153846	0.446153846153846	1	|	
Rakesh Kumar	1.1	0	NaN	0	|	0.02	1	1	1	|	0.01	1	1	1	|	0.005	1	1	1	|	0.002	1	1	1	|	0.001	1	1	1	|	0.0005	0.644444444444444	0.644444444444444	1	|	
Bing Liu	1.1	0	NaN	0	|	0.02	0.257787325456498	0.994475138121547	0.258157045536034	|	0.01	0.514112182922472	0.993098688750863	0.515955539619935	|	0.005	0.789641716920894	0.986702127659574	0.798135532448906	|	0.002	0.601100052383447	0.69043321299639	0.82287558264611	|	0.001	0.71220633299285	0.71220633299285	1	|	0.0005	0.71220633299285	0.71220633299285	1	|	
Jim Smith	1.1	0	NaN	0	|	0.02	0.75	1	0.75	|	0.01	0.797619047619048	1	0.797619047619048	|	0.005	0.916666666666667	1	0.916666666666667	|	0.002	0.810526315789474	0.875	0.916666666666667	|	0.001	0.488372093023256	0.488372093023256	1	|	0.0005	0.4	0.4	1	|	
Michael Wagner	1.1	0	NaN	0	|	0.02	0.640243902439024	1	0.640243902439024	|	0.01	0.640243902439024	1	0.640243902439024	|	0.005	0.617647058823529	0.945945945945946	0.640243902439024	|	0.002	0.706730769230769	0.769633507853403	0.896341463414634	|	0.001	0.788461538461538	0.788461538461538	1	|	0.0005	0.403940886699507	0.403940886699507	1	|	
Lei Wang	1.1	0	NaN	0	|	0.02	0.495901639344262	0.695402298850575	0.633507853403141	|	0.01	0.426573426573427	0.56221198156682	0.638743455497382	|	0.005	0.346590909090909	0.431095406360424	0.638743455497382	|	0.002	0.139449541284404	0.144624167459562	0.795811518324607	|	0.001	0.139449541284404	0.144624167459562	0.795811518324607	|	0.0005	0.149102263856362	0.149102263856362	1	|	
Wei Wang	1.1	0	NaN	0	|	0.02	0.527891714520098	0.888198757763975	0.565465729349736	|	0.01	0.615001913509376	0.826646090534979	0.706063268892794	|	0.005	0.343677130044843	0.367401725790988	0.84182776801406	|	0.002	0.255099753418516	0.255099753418516	1	|	0.001	0.237281067556297	0.237281067556297	1	|	0.0005	0.237281067556297	0.237281067556297	1	|	
Bin Yu	1.1	0	NaN	0	|	0.02	0.625531914893617	1	0.625531914893617	|	0.01	0.685106382978723	1	0.685106382978723	|	0.005	0.895833333333333	0.977272727272727	0.914893617021277	|	0.002	0.48314606741573	0.505882352941176	0.914893617021277	|	0.001	0.445134575569358	0.464362850971922	0.914893617021277	|	0.0005	0.248414376321353	0.248414376321353	1	|	
Joseph Hellerstein	1.1	0	NaN	0	|	0.02	0.195436335133252	0.977351916376307	0.196325459317585	|	0.01	0.33898891966759	0.969787023278851	0.342607174103237	|	0.005	0.537377556281148	0.967811822965026	0.547156605424322	|	0.002	0.870530418573123	0.965057298515875	0.898862642169729	|	0.001	0.497405553026855	0.509036705794671	0.956080489938758	|	0.0005	0.502669039145907	0.505592841163311	0.988626421697288	|	
Average accuracy/precision/recall
1.1	0	NaN	0
0.02	0.625141352144193	0.955542811111241	0.642785259459431
0.01	0.694868025846828	0.935174378413151	0.725737325390877
0.005	0.721886294258989	0.84944115741765	0.822870203027026
0.002	0.576138197246899	0.610052934755844	0.924545149024302
0.001	0.520310975628808	0.523914381063362	0.966678562528464
0.0005	0.402199003494835	0.402491383696575	0.998862642169729
