1.1	0.02	0.01	0.005	0.002	0.001	0.0005	
Hui Fang	1.1	0	NaN	0	|	0.02	1	1	1	|	0.01	1	1	1	|	0.005	1	1	1	|	0.002	1	1	1	|	0.001	1	1	1	|	0.0005	1	1	1	|	
Ajay Gupta	1.1	0	NaN	0	|	0.02	0.758620689655172	1	0.758620689655172	|	0.01	0.931034482758621	1	0.931034482758621	|	0.005	0.931034482758621	1	0.931034482758621	|	0.002	0.658536585365854	0.692307692307692	0.931034482758621	|	0.001	0.473684210526316	0.490909090909091	0.931034482758621	|	0.0005	0.473684210526316	0.490909090909091	0.931034482758621	|	
Rakesh Kumar	1.1	0	NaN	0	|	0.02	1	1	1	|	0.01	1	1	1	|	0.005	1	1	1	|	0.002	1	1	1	|	0.001	1	1	1	|	0.0005	1	1	1	|	
Bing Liu	1.1	0	NaN	0	|	0.02	0.178430670010749	0.996	0.178558623162424	|	0.01	0.269395017793594	0.973007712082262	0.27142344926497	|	0.005	0.488748241912799	0.961937716262976	0.4983865184654	|	0.002	0.844521739130435	0.965791567223548	0.870562925779849	|	0.001	0.886128364389234	0.959282779230482	0.920760129078523	|	0.0005	0.823869104908566	0.886740331491713	0.920760129078523	|	
Jim Smith	1.1	0	NaN	0	|	0.02	0.75	1	0.75	|	0.01	0.845238095238095	1	0.845238095238095	|	0.005	0.916666666666667	1	0.916666666666667	|	0.002	0.916666666666667	1	0.916666666666667	|	0.001	1	1	1	|	0.0005	1	1	1	|	
Michael Wagner	1.1	0	NaN	0	|	0.02	0.640243902439024	1	0.640243902439024	|	0.01	0.640243902439024	1	0.640243902439024	|	0.005	0.61046511627907	0.929203539823009	0.640243902439024	|	0.002	0.854651162790698	0.948387096774194	0.896341463414634	|	0.001	0.641921397379913	0.693396226415094	0.896341463414634	|	0.0005	0.641921397379913	0.693396226415094	0.896341463414634	|	
Lei Wang	1.1	0	NaN	0	|	0.02	0.530927835051546	0.971698113207547	0.539267015706806	|	0.01	0.65979381443299	0.977099236641221	0.670157068062827	|	0.005	0.490974729241877	0.612612612612613	0.712041884816754	|	0.002	0.444444444444444	0.53030303030303	0.732984293193717	|	0.001	0.347504621072089	0.349442379182156	0.984293193717278	|	0.0005	0.347504621072089	0.349442379182156	0.984293193717278	|	
Wei Wang	1.1	0	NaN	0	|	0.02	0.535593220338983	0.937685459940653	0.555360281195079	|	0.01	0.552651806302844	0.815192743764172	0.631810193321617	|	0.005	0.467767295597484	0.536842105263158	0.78427065026362	|	0.002	0.328035170781197	0.34779490856938	0.852372583479789	|	0.001	0.331708757938266	0.333184987390595	0.986818980667838	|	0.0005	0.292357096981374	0.292357096981374	1	|	
Bin Yu	1.1	0	NaN	0	|	0.02	0.531914893617021	1	0.531914893617021	|	0.01	0.625531914893617	1	0.625531914893617	|	0.005	0.685106382978723	1	0.685106382978723	|	0.002	0.914893617021277	1	0.914893617021277	|	0.001	0.914893617021277	1	0.914893617021277	|	0.0005	0.632352941176471	0.671875	0.914893617021277	|	
Joseph Hellerstein	1.1	0	NaN	0	|	0.02	0.121138069471112	0.980225988700565	0.121434820647419	|	0.01	0.236166870308954	0.989758595464521	0.236745406824147	|	0.005	0.423216444981862	0.97068145800317	0.428696412948381	|	0.002	0.678253424657534	0.969407733724914	0.693088363954506	|	0.001	0.804778156996587	0.970170746759926	0.825196850393701	|	0.0005	0.866391412056152	0.939133548156105	0.917935258092738	|	
Average accuracy/precision/recall
1.1	0	NaN	0
0.02	0.604686928058361	0.988560956184876	0.607540022642295
0.01	0.676005590416774	0.975505828795218	0.685218451280292
0.005	0.70139793604171	0.901127743196492	0.759644690133719
0.002	0.764000281085811	0.845399202890276	0.880794439626906
0.001	0.740061912532368	0.779638620988734	0.945933871705187
0.0005	0.707808078410088	0.732385367313553	0.956525814408307
