1.1	0.02	0.01	0.005	0.002	0.001	0.0005	
Hui Fang	1.1	0	NaN	0	|	0.02	1	1	1	|	0.01	1	1	1	|	0.005	1	1	1	|	0.002	0.277777777777778	0.277777777777778	1	|	0.001	0.277777777777778	0.277777777777778	1	|	0.0005	0.277777777777778	0.277777777777778	1	|	
Ajay Gupta	1.1	0	NaN	0	|	0.02	0.758620689655172	1	0.758620689655172	|	0.01	0.931034482758621	1	0.931034482758621	|	0.005	0.771428571428571	0.818181818181818	0.931034482758621	|	0.002	0.617021276595745	0.617021276595745	1	|	0.001	0.617021276595745	0.617021276595745	1	|	0.0005	0.241666666666667	0.241666666666667	1	|	
Rakesh Kumar	1.1	0	NaN	0	|	0.02	1	1	1	|	0.01	1	1	1	|	0.005	1	1	1	|	0.002	1	1	1	|	0.001	0.644444444444444	0.644444444444444	1	|	0.0005	0.644444444444444	0.644444444444444	1	|	
Bing Liu	1.1	0	NaN	0	|	0.02	0.257787325456498	0.994475138121547	0.258157045536034	|	0.01	0.510464703795672	0.979577944179714	0.515955539619935	|	0.005	0.787407145383799	0.98321554770318	0.798135532448906	|	0.002	0.601623886851755	0.690619362597715	0.823592685550376	|	0.001	0.71220633299285	0.71220633299285	1	|	0.0005	0.71220633299285	0.71220633299285	1	|	
Jim Smith	1.1	0	NaN	0	|	0.02	0.75	1	0.75	|	0.01	0.797619047619048	1	0.797619047619048	|	0.005	0.916666666666667	1	0.916666666666667	|	0.002	0.810526315789474	0.875	0.916666666666667	|	0.001	0.488372093023256	0.488372093023256	1	|	0.0005	0.4	0.4	1	|	
Michael Wagner	1.1	0	NaN	0	|	0.02	0.640243902439024	1	0.640243902439024	|	0.01	0.640243902439024	1	0.640243902439024	|	0.005	0.583333333333333	0.867768595041322	0.640243902439024	|	0.002	0.706730769230769	0.769633507853403	0.896341463414634	|	0.001	0.788461538461538	0.788461538461538	1	|	0.0005	0.403940886699507	0.403940886699507	1	|	
Lei Wang	1.1	0	NaN	0	|	0.02	0.552238805970149	0.917355371900827	0.581151832460733	|	0.01	0.387543252595156	0.533333333333333	0.586387434554974	|	0.005	0.311977715877437	0.4	0.586387434554974	|	0.002	0.139449541284404	0.144624167459562	0.795811518324607	|	0.001	0.139449541284404	0.144624167459562	0.795811518324607	|	0.0005	0.149102263856362	0.149102263856362	1	|	
Wei Wang	1.1	0	NaN	0	|	0.02	0.605725971370143	0.897575757575758	0.650702987697715	|	0.01	0.636575875486381	0.847668393782383	0.718804920913884	|	0.005	0.288106764359545	0.290923503765359	0.967486818980668	|	0.002	0.237281067556297	0.237281067556297	1	|	0.001	0.237281067556297	0.237281067556297	1	|	0.0005	0.237281067556297	0.237281067556297	1	|	
Bin Yu	1.1	0	NaN	0	|	0.02	0.625531914893617	1	0.625531914893617	|	0.01	0.685106382978723	1	0.685106382978723	|	0.005	0.895833333333333	0.977272727272727	0.914893617021277	|	0.002	0.48314606741573	0.505882352941176	0.914893617021277	|	0.001	0.445134575569358	0.464362850971922	0.914893617021277	|	0.0005	0.248414376321353	0.248414376321353	1	|	
Joseph Hellerstein	1.1	0	NaN	0	|	0.02	0.198572920292377	0.973549488054608	0.199650043744532	|	0.01	0.335991678224688	0.973380210949272	0.339107611548556	|	0.005	0.568263781555899	0.968393327480246	0.579002624671916	|	0.002	0.772274094002216	0.889861415025529	0.853893263342082	|	0.001	0.497405553026855	0.509036705794671	0.956080489938758	|	0.0005	0.502669039145907	0.505592841163311	0.988626421697288	|	
Average accuracy/precision/recall
1.1	0	NaN	0
0.02	0.638872153007698	0.978295575565274	0.646405841642683
0.01	0.692457932589731	0.93339598822447	0.721425932243277
0.005	0.712301731193858	0.830575551944465	0.833385107954205
0.002	0.564583079650417	0.60077009278072	0.920119921431964
0.001	0.484755420073252	0.488358825507806	0.966678562528464
0.0005	0.381750285546117	0.382042665747857	0.998862642169729
