1.1	0.02	0.01	0.005	0.002	0.001	0.0005	0.0002	0.0001	
Hui Fang	1.1	0	NaN	0	|	0.02	0.66796875	1	0.66796875	|	0.01	0.77734375	1	0.77734375	|	0.005	0.77734375	1	0.77734375	|	0.002	0.9296875	1	0.9296875	|	0.001	0.977099236641221	0.977099236641221	1	|	0.0005	0.766467065868264	0.766467065868264	1	|	0.0002	0.29732868757259	0.29732868757259	1	|	0.0001	0.29732868757259	0.29732868757259	1	|	
Ajay Gupta	1.1	0	NaN	0	|	0.02	0.3	0.923076923076923	0.307692307692308	|	0.01	0.438202247191011	0.78	0.5	|	0.005	0.527472527472527	0.786885245901639	0.615384615384615	|	0.002	0.527472527472527	0.786885245901639	0.615384615384615	|	0.001	0.641509433962264	0.708333333333333	0.871794871794872	|	0.0005	0.503703703703704	0.544	0.871794871794872	|	0.0002	0.503703703703704	0.544	0.871794871794872	|	0.0001	0.407185628742515	0.43312101910828	0.871794871794872	|	
Joseph Hellerstein	1.1	0	NaN	0	|	0.02	0.107510729613734	0.988165680473373	0.107649333906317	|	0.01	0.255632644302983	0.994711939883106	0.255980518550351	|	0.005	0.457385957385957	0.99626226444479	0.458172181635869	|	0.002	0.677134515416934	0.99155370177268	0.6810628849735	|	0.001	0.890102962807312	0.97581202487906	0.910184787279759	|	0.0005	0.935933342669094	0.976620150507781	0.957384328892709	|	0.0002	0.513254622410336	0.51589789520824	0.990116029222174	|	0.0001	0.513254622410336	0.51589789520824	0.990116029222174	|	
Rakesh Kumar	1.1	0	NaN	0	|	0.02	0.685333333333333	1	0.685333333333333	|	0.01	0.722782793414764	0.994156318480643	0.725866666666667	|	0.005	0.874270557029178	0.993968636911942	0.878933333333333	|	0.002	0.906610703043022	0.982376350198977	0.9216	|	0.001	0.92392444910808	0.982700892857143	0.9392	|	0.0005	0.839761248852158	0.857879924953096	0.975466666666667	|	0.0002	0.731220657276995	0.732941176470588	0.9968	|	0.0001	0.362420011634671	0.362842166569598	0.9968	|	
Michael Wagner	1.1	0	NaN	0	|	0.02	0.466887417218543	0.986013986013986	0.47	|	0.01	0.819620253164557	0.941818181818182	0.863333333333333	|	0.005	0.83596214511041	0.939716312056738	0.883333333333333	|	0.002	0.735	0.746192893401015	0.98	|	0.001	0.724137931034483	0.735	0.98	|	0.0005	0.644736842105263	0.653333333333333	0.98	|	0.0002	0.42180774748924	0.425470332850941	0.98	|	0.0001	0.383311603650587	0.386333771353482	0.98	|	
Bing Liu	1.1	0	NaN	0	|	0.02	0.104396241735298	0.979325353645267	0.104626830969542	|	0.01	0.197526583448914	0.971574758385446	0.198674726807719	|	0.005	0.490448032749602	0.957380688124306	0.501395024412927	|	0.002	0.756923076923077	0.932575142160845	0.800744013020228	|	0.001	0.841387585905967	0.931746798743658	0.896651941408975	|	0.0005	0.826156812339332	0.913105244465491	0.896651941408975	|	0.0002	0.54726368159204	0.551971326164875	0.9846547314578	|	0.0001	0.47406999173326	0.47406999173326	1	|	
Jim Smith	1.1	0	NaN	0	|	0.02	0.356357927786499	1	0.356357927786499	|	0.01	0.447409733124019	1	0.447409733124019	|	0.005	0.558869701726845	1	0.558869701726845	|	0.002	0.864992150706436	1	0.864992150706436	|	0.001	0.864992150706436	1	0.864992150706436	|	0.0005	0.471343028229256	0.508771929824561	0.864992150706436	|	0.0002	0.502899751449876	0.51571792693288	0.952904238618524	|	0.0001	0.48328025477707	0.49510603588907	0.952904238618524	|	
Lei Wang	1.1	0	NaN	0	|	0.02	0.322264793529161	0.650343642611684	0.389804325437693	|	0.01	0.357742181540809	0.579728059332509	0.483007209062822	|	0.005	0.402134044681561	0.532920901458241	0.621009268795057	|	0.002	0.397978185687683	0.451554482342288	0.770339855818744	|	0.001	0.278969957081545	0.299424184261036	0.803295571575695	|	0.0005	0.132746635113149	0.134205607476636	0.924304840370752	|	0.0002	0.0530492325434526	0.0530638029058749	0.994850669412976	|	0.0001	0.0472419842120651	0.0472454374893399	0.998455200823893	|	
Wei Wang	1.1	0	NaN	0	|	0.02	0.252801208611356	0.764079147640791	0.274204560972279	|	0.01	0.334210064878134	0.698936560322699	0.390413764850471	|	0.005	0.338008102933974	0.492763029791653	0.518366789567117	|	0.002	0.283500320813385	0.307461727866395	0.784377987163731	|	0.001	0.272050440892487	0.292120515639053	0.798374982930493	|	0.0005	0.219760267935836	0.228538431926088	0.851222176703537	|	0.0002	0.0751065368225104	0.0751065368225104	1	|	0.0001	0.0743912473714686	0.0743912473714686	1	|	
Bin Yu	1.1	0	NaN	0	|	0.02	0.292964244521338	0.944237918215613	0.2981220657277	|	0.01	0.401368301026226	0.93368700265252	0.413145539906103	|	0.005	0.440677966101695	0.921985815602837	0.457746478873239	|	0.002	0.380681818181818	0.663366336633663	0.471830985915493	|	0.001	0.424193548387097	0.575492341356674	0.617370892018779	|	0.0005	0.442700156985871	0.572008113590264	0.661971830985916	|	0.0002	0.45207756232687	0.46127755794234	0.957746478873239	|	0.0001	0.427225130890052	0.435432230522946	0.957746478873239	|	
Average accuracy/precision/recall
1.1	0	NaN	0
0.02	0.355648464634926	0.923524265167764	0.366175943582567
0.01	0.475183855209142	0.88946128208751	0.505517524230149
0.005	0.570257278519175	0.862188289429215	0.627055447706233
0.002	0.645998079824488	0.78619658802775	0.782001999298275
0.001	0.683836769652689	0.747772932771118	0.868186519771501
0.0005	0.578330910380193	0.615492980194551	0.898378880752986
0.0002	0.409771218318761	0.417277524287084	0.972886701937959
0.0001	0.346970916299462	0.352176848281827	0.97478168193327
