1.1	0.02	0.01	0.005	0.002	0.001	0.0005	0.0002	0.0001	
Hui Fang	1.1	0	NaN	0	|	0.02	0.66796875	1	0.66796875	|	0.01	0.723880597014925	0.941747572815534	0.7578125	|	0.005	0.614420062695925	0.756756756756757	0.765625	|	0.002	0.333333333333333	0.365107913669065	0.79296875	|	0.001	0.333333333333333	0.365107913669065	0.79296875	|	0.0005	0.258585858585859	0.258585858585859	1	|	0.0002	0.258585858585859	0.258585858585859	1	|	0.0001	0.258585858585859	0.258585858585859	1	|	
Ajay Gupta	1.1	0	NaN	0	|	0.02	0.3125	0.925925925925926	0.320512820512821	|	0.01	0.443181818181818	0.795918367346939	0.5	|	0.005	0.521276595744681	0.753846153846154	0.628205128205128	|	0.002	0.392	0.510416666666667	0.628205128205128	|	0.001	0.336363636363636	0.342592592592593	0.948717948717949	|	0.0005	0.336363636363636	0.342592592592593	0.948717948717949	|	0.0002	0.26	0.26	1	|	0.0001	0.26	0.26	1	|	
Joseph Hellerstein	1.1	0	NaN	0	|	0.02	0.103923951111429	0.980445043830074	0.104139808050423	|	0.01	0.235420240137221	0.990974729241877	0.235926085088096	|	0.005	0.51998311286237	0.967277486910995	0.529293797450222	|	0.002	0.744524024754885	0.962340463778537	0.766867211001289	|	0.001	0.512427227944469	0.516883116883117	0.98345509239364	|	0.0005	0.512427227944469	0.516883116883117	0.98345509239364	|	0.0002	0.516575403285482	0.516575403285482	1	|	0.0001	0.516575403285482	0.516575403285482	1	|	
Rakesh Kumar	1.1	0	NaN	0	|	0.02	0.733120680489102	0.995667870036101	0.735466666666667	|	0.01	0.755980861244019	0.995798319327731	0.7584	|	0.005	0.88994708994709	0.991160872127283	0.897066666666667	|	0.002	0.952849740932643	0.970960929250264	0.9808	|	0.001	0.705948795180723	0.705948795180723	1	|	0.0005	0.350074682598954	0.350074682598954	1	|	0.0002	0.350074682598954	0.350074682598954	1	|	0.0001	0.350074682598954	0.350074682598954	1	|	
Michael Wagner	1.1	0	NaN	0	|	0.02	0.466887417218543	0.986013986013986	0.47	|	0.01	0.890965732087227	0.931596091205212	0.953333333333333	|	0.005	0.814814814814815	0.8486646884273	0.953333333333333	|	0.002	0.599198396793587	0.600401606425703	0.996666666666667	|	0.001	0.312434691745037	0.312761506276151	0.996666666666667	|	0.0005	0.169491525423729	0.169491525423729	1	|	0.0002	0.169491525423729	0.169491525423729	1	|	0.0001	0.169491525423729	0.169491525423729	1	|	
Bing Liu	1.1	0	NaN	0	|	0.02	0.115139580678791	0.969756097560976	0.115554522204139	|	0.01	0.186501092330689	0.944670937682004	0.188560799813997	|	0.005	0.523169065882106	0.844757380386834	0.578818879330388	|	0.002	0.477254460697637	0.607281652689712	0.690304580330156	|	0.001	0.431168186612073	0.480403677334624	0.807951639153685	|	0.0005	0.499680511182109	0.499680511182109	1	|	0.0002	0.47406999173326	0.47406999173326	1	|	0.0001	0.47406999173326	0.47406999173326	1	|	
Jim Smith	1.1	0	NaN	0	|	0.02	0.356357927786499	1	0.356357927786499	|	0.01	0.416275430359937	0.992537313432836	0.417582417582418	|	0.005	0.541033434650456	0.944297082228117	0.558869701726845	|	0.002	0.879939209726444	0.965	0.90894819466248	|	0.001	0.480030143180106	0.480030143180106	1	|	0.0005	0.445143256464011	0.445143256464011	1	|	0.0002	0.445143256464011	0.445143256464011	1	|	0.0001	0.445143256464011	0.445143256464011	1	|	
Lei Wang	1.1	0	NaN	0	|	0.02	0.319331158238173	0.605568445475638	0.403192584963955	|	0.01	0.37109786039986	0.537874936451449	0.544799176107106	|	0.005	0.352463768115942	0.44640234948605	0.62615859938208	|	0.002	0.0995143971000616	0.102943257393519	0.749227600411946	|	0.001	0.0485843147080932	0.0485879670233292	0.998455200823893	|	0.0005	0.0479049313173238	0.0479084821980085	0.998455200823893	|	0.0002	0.0469899341850561	0.0469899341850561	1	|	0.0001	0.0469899341850561	0.0469899341850561	1	|	
Wei Wang	1.1	0	NaN	0	|	0.02	0.265199093557786	0.836772216547497	0.279666803222723	|	0.01	0.328378302574746	0.64792473713337	0.399699576676226	|	0.005	0.333805152262709	0.450177256613035	0.56356684418954	|	0.002	0.136147858984554	0.141867121980616	0.771541717875188	|	0.001	0.0750829368651151	0.0751014780555313	0.996722654649734	|	0.0005	0.0748702856791288	0.074886795452331	0.997064044790386	|	0.0002	0.0743912473714686	0.0743912473714686	1	|	0.0001	0.0743912473714686	0.0743912473714686	1	|	
Bin Yu	1.1	0	NaN	0	|	0.02	0.27694090382387	0.956	0.280516431924883	|	0.01	0.425555555555556	0.888631090487239	0.449530516431925	|	0.005	0.497425334706488	0.802325581395349	0.566901408450704	|	0.002	0.330417227456258	0.436444444444444	0.576291079812207	|	0.001	0.187316715542522	0.214076246334311	0.599765258215962	|	0.0005	0.159073935772965	0.159073935772965	1	|	0.0002	0.159073935772965	0.159073935772965	1	|	0.0001	0.159073935772965	0.159073935772965	1	|	
Average accuracy/precision/recall
1.1	0	NaN	0
0.02	0.361736946290419	0.92561495853902	0.373337631533211
0.01	0.4777237489886	0.866767409512419	0.52056444050331
0.005	0.560833843168258	0.780566560817787	0.666783935873491
0.002	0.49451786497794	0.566276405629852	0.786182092896506
0.001	0.342268998147511	0.354149343652955	0.912470321062153
0.0005	0.285361585133218	0.286432075715368	0.992769228672587
0.0002	0.275439583542078	0.275439583542078	1
0.0001	0.275439583542078	0.275439583542078	1
