1.1	0.02	0.01	0.005	0.002	0.001	0.0005	0.0002	0.0001	
Hui Fang	1.1	0	NaN	0	|	0.02	0.66796875	1	0.66796875	|	0.01	0.75	1	0.75	|	0.005	0.77734375	1	0.77734375	|	0.002	0.9296875	1	0.9296875	|	0.001	1	1	1	|	0.0005	0.766467065868264	0.766467065868264	1	|	0.0002	0.60377358490566	0.60377358490566	1	|	0.0001	0.29732868757259	0.29732868757259	1	|	
Ajay Gupta	1.1	0	NaN	0	|	0.02	0.3	0.923076923076923	0.307692307692308	|	0.01	0.438202247191011	0.78	0.5	|	0.005	0.533333333333333	0.8	0.615384615384615	|	0.002	0.527472527472527	0.786885245901639	0.615384615384615	|	0.001	0.641509433962264	0.708333333333333	0.871794871794872	|	0.0005	0.566666666666667	0.618181818181818	0.871794871794872	|	0.0002	0.503703703703704	0.544	0.871794871794872	|	0.0001	0.503703703703704	0.544	0.871794871794872	|	
Joseph Hellerstein	1.1	0	NaN	0	|	0.02	0.0849360120111532	0.979389942291838	0.0850880962612806	|	0.01	0.196511544785188	0.990273775216138	0.196891562813351	|	0.005	0.44007690664388	0.987062769525635	0.442629995702621	|	0.002	0.531551178332747	0.967601485465489	0.541183211574273	|	0.001	0.81703775411423	0.95940240337772	0.846297092107148	|	0.0005	0.897055781562435	0.960076747103535	0.931814926228334	|	0.0002	0.513254622410336	0.51589789520824	0.990116029222174	|	0.0001	0.513254622410336	0.51589789520824	0.990116029222174	|	
Rakesh Kumar	1.1	0	NaN	0	|	0.02	0.7296	1	0.7296	|	0.01	0.752522570366437	0.994385964912281	0.755733333333333	|	0.005	0.874270557029178	0.993968636911942	0.878933333333333	|	0.002	0.906610703043022	0.982376350198977	0.9216	|	0.001	0.906610703043022	0.982376350198977	0.9216	|	0.0005	0.839761248852158	0.857879924953096	0.975466666666667	|	0.0002	0.731220657276995	0.732941176470588	0.9968	|	0.0001	0.362420011634671	0.362842166569598	0.9968	|	
Michael Wagner	1.1	0	NaN	0	|	0.02	0.463576158940397	0.985915492957747	0.466666666666667	|	0.01	0.509493670886076	0.909604519774011	0.536666666666667	|	0.005	0.838607594936709	0.943060498220641	0.883333333333333	|	0.002	0.86144578313253	0.89937106918239	0.953333333333333	|	0.001	0.724137931034483	0.735	0.98	|	0.0005	0.644736842105263	0.653333333333333	0.98	|	0.0002	0.428571428571429	0.432352941176471	0.98	|	0.0001	0.42180774748924	0.425470332850941	0.98	|	
Bing Liu	1.1	0	NaN	0	|	0.02	0.073394495412844	0.985959438377535	0.0734712857475006	|	0.01	0.130228247016568	0.974848222029488	0.130667286677517	|	0.005	0.219646545788386	0.94471865745311	0.222506393861893	|	0.002	0.569894878103333	0.937454010301692	0.592420367356429	|	0.001	0.732211591333993	0.931319065603581	0.774006045105789	|	0.0005	0.826156812339332	0.913105244465491	0.896651941408975	|	0.0002	0.640503722477427	0.667740071009826	0.94013020227854	|	0.0001	0.47406999173326	0.47406999173326	1	|	
Jim Smith	1.1	0	NaN	0	|	0.02	0.356357927786499	1	0.356357927786499	|	0.01	0.384615384615385	1	0.384615384615385	|	0.005	0.518053375196232	1	0.518053375196232	|	0.002	0.558869701726845	1	0.558869701726845	|	0.001	0.864992150706436	1	0.864992150706436	|	0.0005	0.864992150706436	1	0.864992150706436	|	0.0002	0.471343028229256	0.508771929824561	0.864992150706436	|	0.0001	0.48328025477707	0.49510603588907	0.952904238618524	|	
Lei Wang	1.1	0	NaN	0	|	0.02	0.38033228558599	0.748233215547703	0.436148300720906	|	0.01	0.446436015006253	0.700916230366492	0.551493305870237	|	0.005	0.358290488431877	0.487964989059081	0.574150360453141	|	0.002	0.352445652173913	0.427347611202636	0.667868177136972	|	0.001	0.308571428571429	0.320831786112143	0.889804325437693	|	0.0005	0.1653091447612	0.167731029301277	0.91967044284243	|	0.0002	0.0530492325434526	0.0530638029058749	0.994850669412976	|	0.0001	0.0472419842120651	0.0472454374893399	0.998455200823893	|	
Wei Wang	1.1	0	NaN	0	|	0.02	0.251365756162558	0.912013536379019	0.257613000136556	|	0.01	0.352507755946225	0.868471337579618	0.372388365424007	|	0.005	0.475174923033865	0.725059788179023	0.579612180800218	|	0.002	0.288681380871534	0.330204557224236	0.696572442987846	|	0.001	0.274179705552255	0.288042724372312	0.850675952478492	|	0.0005	0.252141982864137	0.263123730552589	0.857981701488461	|	0.0002	0.0751065368225104	0.0751065368225104	1	|	0.0001	0.0743912473714686	0.0743912473714686	1	|	
Bin Yu	1.1	0	NaN	0	|	0.02	0.277584204413473	0.963709677419355	0.280516431924883	|	0.01	0.410550458715596	0.947089947089947	0.42018779342723	|	0.005	0.440677966101695	0.921985815602837	0.457746478873239	|	0.002	0.380681818181818	0.663366336633663	0.471830985915493	|	0.001	0.424193548387097	0.575492341356674	0.617370892018779	|	0.0005	0.448330683624801	0.581443298969072	0.661971830985916	|	0.0002	0.45207756232687	0.46127755794234	0.957746478873239	|	0.0001	0.45207756232687	0.46127755794234	0.957746478873239	|	
Average accuracy/precision/recall
1.1	0	NaN	0
0.02	0.358511559031292	0.949829822605012	0.36611227669366
0.01	0.437106789452874	0.916558999696798	0.459864369882773
0.005	0.547547544049515	0.880382115495227	0.594969381693863
0.002	0.590734112303827	0.799460666611072	0.694875033541581
0.001	0.669344424670521	0.750079800435474	0.861654132964921
0.0005	0.627161837935069	0.678134219272847	0.896034453212209
0.0002	0.447260407926764	0.459492549626607	0.959643040228824
0.0001	0.362957581323127	0.369762935262685	0.97478168193327
