1.1	0.02	0.01	0.005	0.002	0.001	0.0005	0.0002	0.0001	
Hui Fang	1.1	0	NaN	0	|	0.02	0.75390625	1	0.75390625	|	0.01	0.76953125	1	0.76953125	|	0.005	0.79296875	1	0.79296875	|	0.002	0.9296875	1	0.9296875	|	0.001	0.766467065868264	0.766467065868264	1	|	0.0005	0.766467065868264	0.766467065868264	1	|	0.0002	0.29732868757259	0.29732868757259	1	|	0.0001	0.29732868757259	0.29732868757259	1	|	
Ajay Gupta	1.1	0	NaN	0	|	0.02	0.487179487179487	1	0.487179487179487	|	0.01	0.4875	0.951219512195122	0.5	|	0.005	0.585365853658537	0.923076923076923	0.615384615384615	|	0.002	0.521739130434783	0.774193548387097	0.615384615384615	|	0.001	0.635514018691589	0.701030927835052	0.871794871794872	|	0.0005	0.635514018691589	0.701030927835052	0.871794871794872	|	0.0002	0.503703703703704	0.544	0.871794871794872	|	0.0001	0.407185628742515	0.43312101910828	0.871794871794872	|	
Joseph Hellerstein	1.1	0	NaN	0	|	0.02	0.112922834870915	0.986875	0.113092680131786	|	0.01	0.233712365014661	0.993615080571602	0.234063887695173	|	0.005	0.440363038662188	0.994994348457936	0.441340782122905	|	0.002	0.708146567057987	0.99074258411308	0.712863486606503	|	0.001	0.890102962807312	0.97581202487906	0.910184787279759	|	0.0005	0.935933342669094	0.976620150507781	0.957384328892709	|	0.0002	0.513254622410336	0.51589789520824	0.990116029222174	|	0.0001	0.513254622410336	0.51589789520824	0.990116029222174	|	
Rakesh Kumar	1.1	0	NaN	0	|	0.02	0.688995215311005	0.995391705069124	0.6912	|	0.01	0.849336870026525	0.993792675356921	0.853866666666667	|	0.005	0.89973474801061	0.994138335287222	0.904533333333333	|	0.002	0.906610703043022	0.982376350198977	0.9216	|	0.001	0.839761248852158	0.857879924953096	0.975466666666667	|	0.0005	0.82014072119613	0.823763250883392	0.994666666666667	|	0.0002	0.362420011634671	0.362842166569598	0.9968	|	0.0001	0.362420011634671	0.362842166569598	0.9968	|	
Michael Wagner	1.1	0	NaN	0	|	0.02	0.466887417218543	0.986013986013986	0.47	|	0.01	0.756329113924051	0.937254901960784	0.796666666666667	|	0.005	0.81039755351682	0.907534246575342	0.883333333333333	|	0.002	0.735	0.746192893401015	0.98	|	0.001	0.724137931034483	0.735	0.98	|	0.0005	0.644736842105263	0.653333333333333	0.98	|	0.0002	0.42180774748924	0.425470332850941	0.98	|	0.0001	0.349583828775268	0.352095808383234	0.98	|	
Bing Liu	1.1	0	NaN	0	|	0.02	0.151048303023283	0.976779026217228	0.151592652871425	|	0.01	0.223839223839224	0.971915747241725	0.225296442687747	|	0.005	0.644194756554307	0.964485981308411	0.659846547314578	|	0.002	0.765720645520312	0.947266969571802	0.799813996744943	|	0.001	0.773947630096122	0.939763885162329	0.814345501046268	|	0.0005	0.722171028381865	0.776940616635273	0.911067193675889	|	0.0002	0.54726368159204	0.551971326164875	0.9846547314578	|	0.0001	0.47406999173326	0.47406999173326	1	|	
Jim Smith	1.1	0	NaN	0	|	0.02	0.337519623233909	1	0.337519623233909	|	0.01	0.480376766091052	1	0.480376766091052	|	0.005	0.558869701726845	1	0.558869701726845	|	0.002	0.864992150706436	1	0.864992150706436	|	0.001	0.864992150706436	1	0.864992150706436	|	0.0005	0.471343028229256	0.508771929824561	0.864992150706436	|	0.0002	0.502899751449876	0.51571792693288	0.952904238618524	|	0.0001	0.48328025477707	0.49510603588907	0.952904238618524	|	
Lei Wang	1.1	0	NaN	0	|	0.02	0.269503546099291	0.534375	0.35221421215242	|	0.01	0.2985559566787	0.499697885196375	0.425849639546859	|	0.005	0.330380577427822	0.476573592049219	0.518537590113285	|	0.002	0.366649537512847	0.422564406277761	0.73480947476828	|	0.001	0.228079685594254	0.236376404494382	0.866632337796087	|	0.0005	0.11325931597754	0.114479200257981	0.914006179196704	|	0.0002	0.0518950280695157	0.0519089712243746	0.994850669412976	|	0.0001	0.0472419842120651	0.0472454374893399	0.998455200823893	|	
Wei Wang	1.1	0	NaN	0	|	0.02	0.227904918447338	0.754657734980113	0.246142291410624	|	0.01	0.27143738433066	0.603115264797508	0.33046565615185	|	0.005	0.350244217122846	0.518591799140342	0.518981291820292	|	0.002	0.279876087215537	0.300660454638542	0.801925440393281	|	0.001	0.267190569744597	0.285321565506764	0.807865628840639	|	0.0005	0.143954547389028	0.145684382806443	0.923801720606309	|	0.0002	0.0743912473714686	0.0743912473714686	1	|	0.0001	0.0743912473714686	0.0743912473714686	1	|	
Bin Yu	1.1	0	NaN	0	|	0.02	0.292964244521338	0.944237918215613	0.2981220657277	|	0.01	0.401368301026226	0.93368700265252	0.413145539906103	|	0.005	0.397553516819572	0.751445086705202	0.457746478873239	|	0.002	0.376404494382022	0.650485436893204	0.471830985915493	|	0.001	0.424193548387097	0.575492341356674	0.617370892018779	|	0.0005	0.366710013003901	0.4512	0.661971830985916	|	0.0002	0.45207756232687	0.46127755794234	0.957746478873239	|	0.0001	0.223072717331875	0.225289895085588	0.957746478873239	|	
Average accuracy/precision/recall
1.1	0	NaN	0
0.02	0.378883183990511	0.917833037049607	0.390096926270735
0.01	0.47719872309311	0.888429806997256	0.502926251541212
0.005	0.581007271349955	0.85308403126006	0.635154242402243
0.002	0.645482681587294	0.781448264348148	0.783290765051955
0.001	0.641438681178231	0.707314414005562	0.870865283614951
0.0005	0.562022992351193	0.591829085795208	0.90796849425255
0.0002	0.372704204362031	0.380080611183731	0.972886701937959
0.0001	0.323182897456112	0.327738818441067	0.97478168193327
