1.1	0.02	0.01	0.005	0.002	0.001	0.0005	0.0002	0.0001	
Hui Fang	1.1	0	NaN	0	|	0.02	0.66796875	1	0.66796875	|	0.01	0.77734375	1	0.77734375	|	0.005	0.79296875	1	0.79296875	|	0.002	0.9296875	1	0.9296875	|	0.001	0.766467065868264	0.766467065868264	1	|	0.0005	0.766467065868264	0.766467065868264	1	|	0.0002	0.29732868757259	0.29732868757259	1	|	0.0001	0.29732868757259	0.29732868757259	1	|	
Ajay Gupta	1.1	0	NaN	0	|	0.02	0.3	0.923076923076923	0.307692307692308	|	0.01	0.438202247191011	0.78	0.5	|	0.005	0.527472527472527	0.786885245901639	0.615384615384615	|	0.002	0.527472527472527	0.786885245901639	0.615384615384615	|	0.001	0.566666666666667	0.618181818181818	0.871794871794872	|	0.0005	0.503703703703704	0.544	0.871794871794872	|	0.0002	0.503703703703704	0.544	0.871794871794872	|	0.0001	0.407185628742515	0.43312101910828	0.871794871794872	|	
Joseph Hellerstein	1.1	0	NaN	0	|	0.02	0.107814399084865	0.983692106979778	0.108007448789572	|	0.01	0.205047544148138	0.991358451434497	0.205414697034809	|	0.005	0.420089698868086	0.985800200467758	0.422647185217018	|	0.002	0.73120472607075	0.975877604655528	0.744664088239507	|	0.001	0.884334330851138	0.968964465456764	0.910113164303108	|	0.0005	0.926961602671118	0.969868995633188	0.954447786850022	|	0.0002	0.513254622410336	0.51589789520824	0.990116029222174	|	0.0001	0.513254622410336	0.51589789520824	0.990116029222174	|	
Rakesh Kumar	1.1	0	NaN	0	|	0.02	0.679425837320574	0.995327102803738	0.6816	|	0.01	0.728381962864721	0.992769342010123	0.732266666666667	|	0.005	0.916710875331565	0.994246260069045	0.9216	|	0.002	0.906610703043022	0.982376350198977	0.9216	|	0.001	0.839761248852158	0.857879924953096	0.975466666666667	|	0.0005	0.82014072119613	0.823763250883392	0.994666666666667	|	0.0002	0.362420011634671	0.362842166569598	0.9968	|	0.0001	0.362420011634671	0.362842166569598	0.9968	|	
Michael Wagner	1.1	0	NaN	0	|	0.02	0.466887417218543	0.986013986013986	0.47	|	0.01	0.854304635761589	0.992307692307692	0.86	|	0.005	0.81039755351682	0.907534246575342	0.883333333333333	|	0.002	0.735	0.746192893401015	0.98	|	0.001	0.644736842105263	0.653333333333333	0.98	|	0.0005	0.644736842105263	0.653333333333333	0.98	|	0.0002	0.42180774748924	0.425470332850941	0.98	|	0.0001	0.349583828775268	0.352095808383234	0.98	|	
Bing Liu	1.1	0	NaN	0	|	0.02	0.080389204216379	0.957241379310345	0.0806789118809579	|	0.01	0.178266881769993	0.953173136167591	0.179841897233202	|	0.005	0.397832644397274	0.91074168797954	0.413973494536154	|	0.002	0.627515400410678	0.843034482758621	0.710532434317601	|	0.001	0.746753246753247	0.829326923076923	0.882352941176471	|	0.0005	0.665703848441084	0.712039981826443	0.910950941641479	|	0.0002	0.54726368159204	0.551971326164875	0.9846547314578	|	0.0001	0.47406999173326	0.47406999173326	1	|	
Jim Smith	1.1	0	NaN	0	|	0.02	0.306122448979592	1	0.306122448979592	|	0.01	0.452119309262166	1	0.452119309262166	|	0.005	0.558869701726845	1	0.558869701726845	|	0.002	0.864992150706436	1	0.864992150706436	|	0.001	0.864992150706436	1	0.864992150706436	|	0.0005	0.471343028229256	0.508771929824561	0.864992150706436	|	0.0002	0.502899751449876	0.51571792693288	0.952904238618524	|	0.0001	0.48328025477707	0.49510603588907	0.952904238618524	|	
Lei Wang	1.1	0	NaN	0	|	0.02	0.308134757600657	0.603864734299517	0.386199794026777	|	0.01	0.349171270718232	0.550842533410808	0.488156539649846	|	0.005	0.360702875399361	0.487268018990073	0.581359423274974	|	0.002	0.360604606525912	0.403057119871279	0.77394438722966	|	0.001	0.271403197158082	0.292944785276074	0.786817713697219	|	0.0005	0.114868804664723	0.116140442814097	0.9129763130793	|	0.0002	0.0518950280695157	0.0519089712243746	0.994850669412976	|	0.0001	0.0469899341850561	0.0469899341850561	1	|	
Wei Wang	1.1	0	NaN	0	|	0.02	0.239363429684963	0.831078033378439	0.251604533661068	|	0.01	0.328416332310597	0.707422470767667	0.380035504574628	|	0.005	0.327250736222129	0.58746341923912	0.424894169056398	|	0.002	0.2614596418631	0.29028112010501	0.724771268605763	|	0.001	0.234972983044531	0.244233562506052	0.861054212754336	|	0.0005	0.200053047914749	0.205913054649986	0.875460876689881	|	0.0002	0.0743912473714686	0.0743912473714686	1	|	0.0001	0.0743912473714686	0.0743912473714686	1	|	
Bin Yu	1.1	0	NaN	0	|	0.02	0.292964244521338	0.944237918215613	0.2981220657277	|	0.01	0.401368301026226	0.93368700265252	0.413145539906103	|	0.005	0.436730123180291	0.904872389791183	0.457746478873239	|	0.002	0.363143631436314	0.611872146118721	0.471830985915493	|	0.001	0.424193548387097	0.575492341356674	0.617370892018779	|	0.0005	0.366710013003901	0.4512	0.661971830985916	|	0.0002	0.45207756232687	0.46127755794234	0.957746478873239	|	0.0001	0.223072717331875	0.225289895085588	0.957746478873239	|	
Average accuracy/precision/recall
1.1	0	NaN	0
0.02	0.344907048862691	0.922453218407834	0.355799626075797
0.01	0.471262223505267	0.89015606287509	0.498832390432742
0.005	0.55490254861149	0.85648114690137	0.607277715140258
0.002	0.630769088752874	0.763957696301079	0.773740743039907
0.001	0.624428128039288	0.6806824220009	0.874996261311789
0.0005	0.548068867779819	0.575149805483327	0.902726143841457
0.0002	0.372704204362031	0.380080611183731	0.972886701937959
0.0001	0.323157692453411	0.327713268110638	0.974936161850881
