1.1	0.02	0.01	0.005	0.002	0.001	0.0005	
Hui Fang	1.1	0	NaN	0	|	0.02	1	1	1	|	0.01	1	1	1	|	0.005	1	1	1	|	0.002	1	1	1	|	0.001	1	1	1	|	0.0005	1	1	1	|	
Ajay Gupta	1.1	0	NaN	0	|	0.02	0.758620689655172	1	0.758620689655172	|	0.01	0.931034482758621	1	0.931034482758621	|	0.005	0.931034482758621	1	0.931034482758621	|	0.002	0.658536585365854	0.692307692307692	0.931034482758621	|	0.001	0.658536585365854	0.692307692307692	0.931034482758621	|	0.0005	0.473684210526316	0.490909090909091	0.931034482758621	|	
Rakesh Kumar	1.1	0	NaN	0	|	0.02	1	1	1	|	0.01	1	1	1	|	0.005	1	1	1	|	0.002	1	1	1	|	0.001	1	1	1	|	0.0005	1	1	1	|	
Bing Liu	1.1	0	NaN	0	|	0.02	0.257787325456498	0.994475138121547	0.258157045536034	|	0.01	0.436806301467956	0.996732026143791	0.437432771602725	|	0.005	0.74964234620887	0.996671421778412	0.751523843671567	|	0.002	0.766634209672184	0.889977392614921	0.846898529939046	|	0.001	0.7682570593963	0.890184279804438	0.848691287199713	|	0.0005	0.834530221424297	0.834530221424297	1	|	
Jim Smith	1.1	0	NaN	0	|	0.02	0.75	1	0.75	|	0.01	0.797619047619048	1	0.797619047619048	|	0.005	0.916666666666667	1	0.916666666666667	|	0.002	0.916666666666667	1	0.916666666666667	|	0.001	1	1	1	|	0.0005	1	1	1	|	
Michael Wagner	1.1	0	NaN	0	|	0.02	0.640243902439024	1	0.640243902439024	|	0.01	0.640243902439024	1	0.640243902439024	|	0.005	0.61046511627907	0.929203539823009	0.640243902439024	|	0.002	0.854651162790698	0.948387096774194	0.896341463414634	|	0.001	0.825842696629214	0.91304347826087	0.896341463414634	|	0.0005	0.641921397379913	0.693396226415094	0.896341463414634	|	
Lei Wang	1.1	0	NaN	0	|	0.02	0.570707070707071	0.941666666666667	0.591623036649215	|	0.01	0.5	0.703488372093023	0.633507853403141	|	0.005	0.531365313653137	0.642857142857143	0.753926701570681	|	0.002	0.5	0.594262295081967	0.759162303664921	|	0.001	0.347504621072089	0.349442379182156	0.984293193717278	|	0.0005	0.275613275613276	0.275613275613276	1	|	
Wei Wang	1.1	0	NaN	0	|	0.02	0.504761904761905	0.897643593519882	0.535588752196837	|	0.01	0.653952025167125	0.861658031088083	0.73066783831283	|	0.005	0.488335925349922	0.543566070398154	0.827768014059754	|	0.002	0.332101138547982	0.333580870340116	0.986818980667838	|	0.001	0.331708757938266	0.333184987390595	0.986818980667838	|	0.0005	0.331708757938266	0.333184987390595	0.986818980667838	|	
Bin Yu	1.1	0	NaN	0	|	0.02	0.625531914893617	1	0.625531914893617	|	0.01	0.685106382978723	1	0.685106382978723	|	0.005	0.540268456375839	0.71875	0.685106382978723	|	0.002	0.540268456375839	0.71875	0.685106382978723	|	0.001	0.632352941176471	0.671875	0.914893617021277	|	0.0005	0.632352941176471	0.671875	0.914893617021277	|	
Joseph Hellerstein	1.1	0	NaN	0	|	0.02	0.213998952696806	0.988709677419355	0.214523184601925	|	0.01	0.268815331010453	0.98405612244898	0.269991251093613	|	0.005	0.577503905571949	0.986362288763712	0.582152230971129	|	0.002	0.8490827275874	0.987321392634333	0.858442694663167	|	0.001	0.889744906694059	0.976329137704302	0.909361329833771	|	0.0005	0.921156148452198	0.97607828923523	0.942432195975503	|	
Average accuracy/precision/recall
1.1	0	NaN	0
0.02	0.63216517606101	0.982249507572745	0.637428852597182
0.01	0.691357747344095	0.954593455177388	0.712560353020773
0.005	0.734528221286407	0.881741046362043	0.808842222511617
0.002	0.741794094700662	0.816458673975322	0.888047150475362
0.001	0.745394756827225	0.782636695465005	0.947143435461313
0.0005	0.711096695251073	0.727558709098758	0.967152073983787
