1.1	0.02	0.01	0.005	0.002	0.001	0.0005	
Hui Fang	1.1	0	NaN	0	|	0.02	1	1	1	|	0.01	1	1	1	|	0.005	1	1	1	|	0.002	0.277777777777778	0.277777777777778	1	|	0.001	0.277777777777778	0.277777777777778	1	|	0.0005	0.277777777777778	0.277777777777778	1	|	
Ajay Gupta	1.1	0	NaN	0	|	0.02	0.758620689655172	1	0.758620689655172	|	0.01	0.931034482758621	1	0.931034482758621	|	0.005	0.771428571428571	0.818181818181818	0.931034482758621	|	0.002	0.617021276595745	0.617021276595745	1	|	0.001	0.617021276595745	0.617021276595745	1	|	0.0005	0.241666666666667	0.241666666666667	1	|	
Rakesh Kumar	1.1	0	NaN	0	|	0.02	1	1	1	|	0.01	1	1	1	|	0.005	1	1	1	|	0.002	1	1	1	|	0.001	0.644444444444444	0.644444444444444	1	|	0.0005	0.644444444444444	0.644444444444444	1	|	
Bing Liu	1.1	0	NaN	0	|	0.02	0.173757597425813	0.983805668016194	0.174256005736823	|	0.01	0.404315528829148	0.967823878069433	0.409824309788455	|	0.005	0.65934736200061	0.815233785822021	0.77518823951237	|	0.002	0.616388308977035	0.693685756240822	0.846898529939046	|	0.001	0.679783950617284	0.706306787814003	0.947651487988526	|	0.0005	0.71220633299285	0.71220633299285	1	|	
Jim Smith	1.1	0	NaN	0	|	0.02	0.75	1	0.75	|	0.01	0.845238095238095	1	0.845238095238095	|	0.005	0.916666666666667	1	0.916666666666667	|	0.002	0.810526315789474	0.875	0.916666666666667	|	0.001	0.488372093023256	0.488372093023256	1	|	0.0005	0.4	0.4	1	|	
Michael Wagner	1.1	0	NaN	0	|	0.02	0.640243902439024	1	0.640243902439024	|	0.01	0.640243902439024	1	0.640243902439024	|	0.005	0.617647058823529	0.945945945945946	0.640243902439024	|	0.002	0.706730769230769	0.769633507853403	0.896341463414634	|	0.001	0.788461538461538	0.788461538461538	1	|	0.0005	0.403940886699507	0.403940886699507	1	|	
Lei Wang	1.1	0	NaN	0	|	0.02	0.605	0.930769230769231	0.633507853403141	|	0.01	0.426573426573427	0.56221198156682	0.638743455497382	|	0.005	0.346590909090909	0.431095406360424	0.638743455497382	|	0.002	0.139449541284404	0.144624167459562	0.795811518324607	|	0.001	0.139449541284404	0.144624167459562	0.795811518324607	|	0.0005	0.149102263856362	0.149102263856362	1	|	
Wei Wang	1.1	0	NaN	0	|	0.02	0.620974401321222	0.911515151515152	0.660808435852373	|	0.01	0.642689601250977	0.853582554517134	0.72231985940246	|	0.005	0.311346493339753	0.329092451229856	0.852372583479789	|	0.002	0.255099753418516	0.255099753418516	1	|	0.001	0.237281067556297	0.237281067556297	1	|	0.0005	0.237281067556297	0.237281067556297	1	|	
Bin Yu	1.1	0	NaN	0	|	0.02	0.531914893617021	1	0.531914893617021	|	0.01	0.685106382978723	1	0.685106382978723	|	0.005	0.895833333333333	0.977272727272727	0.914893617021277	|	0.002	0.48314606741573	0.505882352941176	0.914893617021277	|	0.001	0.445134575569358	0.464362850971922	0.914893617021277	|	0.0005	0.248414376321353	0.248414376321353	1	|	
Average accuracy/precision/recall
1.1	0	NaN	0
0.02	0.675612387162028	0.98067667225562	0.683261308967062
0.01	0.730577935563113	0.931513157128154	0.763612276455862
0.005	0.724317821631486	0.812980237201421	0.852126994152792
0.002	0.545126645609939	0.570969399143	0.930067977262914
0.001	0.479747362814456	0.485405778233838	0.962039624814934
0.0005	0.368314868479473	0.368314868479473	1
