1.1	0.02	0.01	0.005	0.002	0.001	0.0005	
Hui Fang	1.1	0	NaN	0	|	0.02	1	1	1	|	0.01	1	1	1	|	0.005	1	1	1	|	0.002	1	1	1	|	0.001	1	1	1	|	0.0005	1	1	1	|	
Ajay Gupta	1.1	0	NaN	0	|	0.02	0.758620689655172	1	0.758620689655172	|	0.01	0.931034482758621	1	0.931034482758621	|	0.005	0.931034482758621	1	0.931034482758621	|	0.002	0.658536585365854	0.692307692307692	0.931034482758621	|	0.001	0.658536585365854	0.692307692307692	0.931034482758621	|	0.0005	0.473684210526316	0.490909090909091	0.931034482758621	|	
Rakesh Kumar	1.1	0	NaN	0	|	0.02	1	1	1	|	0.01	1	1	1	|	0.005	1	1	1	|	0.002	1	1	1	|	0.001	1	1	1	|	0.0005	1	1	1	|	
Bing Liu	1.1	0	NaN	0	|	0.02	0.194334887056293	1	0.194334887056293	|	0.01	0.581570455360344	1	0.581570455360344	|	0.005	0.773524150268336	0.997232472324723	0.77518823951237	|	0.002	0.819578420864595	0.995659722222222	0.822517031193976	|	0.001	0.88999644001424	0.992063492063492	0.896378630333453	|	0.0005	0.814092953523238	0.832566697332107	0.97346719254213	|	
Jim Smith	1.1	0	NaN	0	|	0.02	0.75	1	0.75	|	0.01	0.797619047619048	1	0.797619047619048	|	0.005	0.916666666666667	1	0.916666666666667	|	0.002	0.916666666666667	1	0.916666666666667	|	0.001	1	1	1	|	0.0005	1	1	1	|	
Michael Wagner	1.1	0	NaN	0	|	0.02	0.640243902439024	1	0.640243902439024	|	0.01	0.640243902439024	1	0.640243902439024	|	0.005	0.61046511627907	0.929203539823009	0.640243902439024	|	0.002	0.854651162790698	0.948387096774194	0.896341463414634	|	0.001	0.825842696629214	0.91304347826087	0.896341463414634	|	0.0005	0.641921397379913	0.693396226415094	0.896341463414634	|	
Lei Wang	1.1	0	NaN	0	|	0.02	0.570707070707071	0.941666666666667	0.591623036649215	|	0.01	0.5	0.703488372093023	0.633507853403141	|	0.005	0.537313432835821	0.65158371040724	0.753926701570681	|	0.002	0.501742160278746	0.6	0.753926701570681	|	0.001	0.347504621072089	0.349442379182156	0.984293193717278	|	0.0005	0.275613275613276	0.275613275613276	1	|	
Wei Wang	1.1	0	NaN	0	|	0.02	0.532317826265953	0.894190871369295	0.568101933216169	|	0.01	0.627382341501361	0.84538784067086	0.708699472759227	|	0.005	0.345257163196298	0.367215597198561	0.852372583479789	|	0.002	0.332101138547982	0.333580870340116	0.986818980667838	|	0.001	0.331708757938266	0.333184987390595	0.986818980667838	|	0.0005	0.331708757938266	0.333184987390595	0.986818980667838	|	
Bin Yu	1.1	0	NaN	0	|	0.02	0.625531914893617	1	0.625531914893617	|	0.01	0.685106382978723	1	0.685106382978723	|	0.005	0.540268456375839	0.71875	0.685106382978723	|	0.002	0.540268456375839	0.71875	0.685106382978723	|	0.001	0.632352941176471	0.671875	0.914893617021277	|	0.0005	0.632352941176471	0.671875	0.914893617021277	|	
Average accuracy/precision/recall
1.1	0	NaN	0
0.02	0.674639587890792	0.981761948670662	0.680939595989943
0.01	0.751439623628569	0.949875134751543	0.775309066368681
0.005	0.739392163153406	0.851553924417059	0.839393217711764
0.002	0.73594939898782	0.809853931293803	0.888045745472349
0.001	0.742882449132904	0.772435225467201	0.956640040879233
0.0005	0.685485948461942	0.699727253073351	0.966950637378278
