1.1	0.02	0.01	0.005	0.002	0.001	0.0005	
Hui Fang	1.1	0	NaN	0	|	0.02	1	1	1	|	0.01	1	1	1	|	0.005	1	1	1	|	0.002	0.277777777777778	0.277777777777778	1	|	0.001	0.277777777777778	0.277777777777778	1	|	0.0005	0.277777777777778	0.277777777777778	1	|	
Ajay Gupta	1.1	0	NaN	0	|	0.02	0.758620689655172	1	0.758620689655172	|	0.01	0.931034482758621	1	0.931034482758621	|	0.005	0.931034482758621	1	0.931034482758621	|	0.002	0.617021276595745	0.617021276595745	1	|	0.001	0.617021276595745	0.617021276595745	1	|	0.0005	0.446153846153846	0.446153846153846	1	|	
Rakesh Kumar	1.1	0	NaN	0	|	0.02	1	1	1	|	0.01	1	1	1	|	0.005	1	1	1	|	0.002	1	1	1	|	0.001	1	1	1	|	0.0005	0.644444444444444	0.644444444444444	1	|	
Bing Liu	1.1	0	NaN	0	|	0.02	0.257787325456498	0.994475138121547	0.258157045536034	|	0.01	0.422600070846617	0.972290138549307	0.427751882395124	|	0.005	0.698069241011984	0.907006920415225	0.7518823951237	|	0.002	0.632085283411336	0.696961009174312	0.87163858013625	|	0.001	0.679783950617284	0.706306787814003	0.947651487988526	|	0.0005	0.71220633299285	0.71220633299285	1	|	
Jim Smith	1.1	0	NaN	0	|	0.02	0.75	1	0.75	|	0.01	0.916666666666667	1	0.916666666666667	|	0.005	0.916666666666667	1	0.916666666666667	|	0.002	0.810526315789474	0.875	0.916666666666667	|	0.001	0.810526315789474	0.875	0.916666666666667	|	0.0005	0.4	0.4	1	|	
Michael Wagner	1.1	0	NaN	0	|	0.02	0.640243902439024	1	0.640243902439024	|	0.01	0.640243902439024	1	0.640243902439024	|	0.005	0.640243902439024	1	0.640243902439024	|	0.002	0.706730769230769	0.769633507853403	0.896341463414634	|	0.001	0.788461538461538	0.788461538461538	1	|	0.0005	0.403940886699507	0.403940886699507	1	|	
Lei Wang	1.1	0	NaN	0	|	0.02	0.560606060606061	0.940677966101695	0.581151832460733	|	0.01	0.425287356321839	0.613259668508287	0.581151832460733	|	0.005	0.387543252595156	0.533333333333333	0.586387434554974	|	0.002	0.139449541284404	0.144624167459562	0.795811518324607	|	0.001	0.139449541284404	0.144624167459562	0.795811518324607	|	0.0005	0.149102263856362	0.149102263856362	1	|	
Wei Wang	1.1	0	NaN	0	|	0.02	0.460062646828504	0.808671713695802	0.516256590509666	|	0.01	0.532786885245902	0.778019586507073	0.62829525483304	|	0.005	0.342695636813284	0.364319248826291	0.852372583479789	|	0.002	0.255099753418516	0.255099753418516	1	|	0.001	0.237281067556297	0.237281067556297	1	|	0.0005	0.237281067556297	0.237281067556297	1	|	
Bin Yu	1.1	0	NaN	0	|	0.02	0.625531914893617	1	0.625531914893617	|	0.01	0.685106382978723	1	0.685106382978723	|	0.005	0.914893617021277	1	0.914893617021277	|	0.002	0.508274231678487	0.533498759305211	0.914893617021277	|	0.001	0.445134575569358	0.464362850971922	0.914893617021277	|	0.0005	0.248414376321353	0.248414376321353	1	|	
Average accuracy/precision/recall
1.1	0	NaN	0
0.02	0.672539171097653	0.971536090879894	0.681106886166028
0.01	0.728191749695266	0.929285488173852	0.756694489392437
0.005	0.759016311034001	0.867184389174983	0.843720120227117
0.002	0.549662772131834	0.574401805731614	0.93281687172927
0.001	0.555048449294653	0.567870607404094	0.952780365555675
0.0005	0.391035666200271	0.391035666200271	1
