1.1	0.02	0.01	0.005	0.002	0.001	0.0005	
Hui Fang	1.1	0	NaN	0	|	0.02	1	1	1	|	0.01	1	1	1	|	0.005	1	1	1	|	0.002	1	1	1	|	0.001	1	1	1	|	0.0005	1	1	1	|	
Ajay Gupta	1.1	0	NaN	0	|	0.02	0.758620689655172	1	0.758620689655172	|	0.01	0.931034482758621	1	0.931034482758621	|	0.005	0.931034482758621	1	0.931034482758621	|	0.002	0.658536585365854	0.692307692307692	0.931034482758621	|	0.001	0.658536585365854	0.692307692307692	0.931034482758621	|	0.0005	0.473684210526316	0.490909090909091	0.931034482758621	|	
Rakesh Kumar	1.1	0	NaN	0	|	0.02	1	1	1	|	0.01	1	1	1	|	0.005	1	1	1	|	0.002	1	1	1	|	0.001	1	1	1	|	0.0005	1	1	1	|	
Bing Liu	1.1	0	NaN	0	|	0.02	0.174830175187701	0.983903420523139	0.175331660093223	|	0.01	0.559528065784769	0.994914176732359	0.561133022588742	|	0.005	0.727207722559886	0.996082272282076	0.729293653639297	|	0.002	0.727391446294482	0.89048760991207	0.798852635353173	|	0.001	0.80749354005168	0.89063056644104	0.896378630333453	|	0.0005	0.792203898050974	0.828732747804266	0.947292936536393	|	
Jim Smith	1.1	0	NaN	0	|	0.02	0.75	1	0.75	|	0.01	0.797619047619048	1	0.797619047619048	|	0.005	0.916666666666667	1	0.916666666666667	|	0.002	0.916666666666667	1	0.916666666666667	|	0.001	1	1	1	|	0.0005	1	1	1	|	
Michael Wagner	1.1	0	NaN	0	|	0.02	0.640243902439024	1	0.640243902439024	|	0.01	0.640243902439024	1	0.640243902439024	|	0.005	0.61046511627907	0.929203539823009	0.640243902439024	|	0.002	0.61046511627907	0.929203539823009	0.640243902439024	|	0.001	0.825842696629214	0.91304347826087	0.896341463414634	|	0.0005	0.641921397379913	0.693396226415094	0.896341463414634	|	
Lei Wang	1.1	0	NaN	0	|	0.02	0.570707070707071	0.941666666666667	0.591623036649215	|	0.01	0.5	0.703488372093023	0.633507853403141	|	0.005	0.537313432835821	0.65158371040724	0.753926701570681	|	0.002	0.501742160278746	0.6	0.753926701570681	|	0.001	0.315677966101695	0.346511627906977	0.780104712041885	|	0.0005	0.347504621072089	0.349442379182156	0.984293193717278	|	
Wei Wang	1.1	0	NaN	0	|	0.02	0.572528883183569	0.956397426733381	0.587873462214411	|	0.01	0.648456057007126	0.867584745762712	0.719683655536028	|	0.005	0.457850368809273	0.533456108041743	0.763620386643234	|	0.002	0.332101138547982	0.333580870340116	0.986818980667838	|	0.001	0.331708757938266	0.333184987390595	0.986818980667838	|	0.0005	0.331708757938266	0.333184987390595	0.986818980667838	|	
Bin Yu	1.1	0	NaN	0	|	0.02	0.625531914893617	1	0.625531914893617	|	0.01	0.685106382978723	1	0.685106382978723	|	0.005	0.685106382978723	1	0.685106382978723	|	0.002	0.540268456375839	0.71875	0.685106382978723	|	0.001	0.632352941176471	0.671875	0.914893617021277	|	0.0005	0.632352941176471	0.671875	0.914893617021277	|	
Average accuracy/precision/recall
1.1	0	NaN	0
0.02	0.676940292896239	0.986885279324798	0.68102496288274
0.01	0.751331993176368	0.951776366065344	0.774258705258148
0.005	0.762849352543118	0.901147292283785	0.824432464077361
0.002	0.698574618867627	0.79603663470921	0.856961083603859
0.001	0.730179165251464	0.760839261367464	0.93395243180419
0.0005	0.691041758460448	0.707504492411245	0.962297186012893
