1.1	0.02	0.01	0.005	0.002	0.001	0.0005	
Hui Fang	1.1	0	NaN	0	|	0.02	1	1	1	|	0.01	1	1	1	|	0.005	1	1	1	|	0.002	1	1	1	|	0.001	1	1	1	|	0.0005	1	1	1	|	
Ajay Gupta	1.1	0	NaN	0	|	0.02	0.758620689655172	1	0.758620689655172	|	0.01	0.931034482758621	1	0.931034482758621	|	0.005	0.931034482758621	1	0.931034482758621	|	0.002	0.658536585365854	0.692307692307692	0.931034482758621	|	0.001	0.658536585365854	0.692307692307692	0.931034482758621	|	0.0005	0.473684210526316	0.490909090909091	0.931034482758621	|	
Rakesh Kumar	1.1	0	NaN	0	|	0.02	1	1	1	|	0.01	1	1	1	|	0.005	1	1	1	|	0.002	1	1	1	|	0.001	1	1	1	|	0.0005	1	1	1	|	
Bing Liu	1.1	0	NaN	0	|	0.02	0.173757597425813	0.983805668016194	0.174256005736823	|	0.01	0.441902037897748	0.993569131832797	0.443169594836859	|	0.005	0.771316446664288	0.993566176470588	0.77518823951237	|	0.002	0.766634209672184	0.889977392614921	0.846898529939046	|	0.001	0.80749354005168	0.89063056644104	0.896378630333453	|	0.0005	0.752785305630834	0.824538258575198	0.896378630333453	|	
Jim Smith	1.1	0	NaN	0	|	0.02	0.75	1	0.75	|	0.01	0.797619047619048	1	0.797619047619048	|	0.005	0.916666666666667	1	0.916666666666667	|	0.002	0.916666666666667	1	0.916666666666667	|	0.001	1	1	1	|	0.0005	1	1	1	|	
Michael Wagner	1.1	0	NaN	0	|	0.02	0.640243902439024	1	0.640243902439024	|	0.01	0.640243902439024	1	0.640243902439024	|	0.005	0.61046511627907	0.929203539823009	0.640243902439024	|	0.002	0.854651162790698	0.948387096774194	0.896341463414634	|	0.001	0.825842696629214	0.91304347826087	0.896341463414634	|	0.0005	0.641921397379913	0.693396226415094	0.896341463414634	|	
Lei Wang	1.1	0	NaN	0	|	0.02	0.570707070707071	0.941666666666667	0.591623036649215	|	0.01	0.5	0.703488372093023	0.633507853403141	|	0.005	0.531365313653137	0.642857142857143	0.753926701570681	|	0.002	0.5	0.594262295081967	0.759162303664921	|	0.001	0.347504621072089	0.349442379182156	0.984293193717278	|	0.0005	0.275613275613276	0.275613275613276	1	|	
Wei Wang	1.1	0	NaN	0	|	0.02	0.548085106382979	0.945668135095448	0.565905096660808	|	0.01	0.676	0.882967607105538	0.742530755711775	|	0.005	0.488335925349922	0.543566070398154	0.827768014059754	|	0.002	0.332101138547982	0.333580870340116	0.986818980667838	|	0.001	0.331708757938266	0.333184987390595	0.986818980667838	|	0.0005	0.331708757938266	0.333184987390595	0.986818980667838	|	
Bin Yu	1.1	0	NaN	0	|	0.02	0.625531914893617	1	0.625531914893617	|	0.01	0.685106382978723	1	0.685106382978723	|	0.005	0.685106382978723	1	0.685106382978723	|	0.002	0.540268456375839	0.71875	0.685106382978723	|	0.001	0.632352941176471	0.671875	0.914893617021277	|	0.0005	0.632352941176471	0.671875	0.914893617021277	|	
Average accuracy/precision/recall
1.1	0	NaN	0
0.02	0.674105142389297	0.985682274419812	0.678464516226073
0.01	0.741322872632574	0.953336123447929	0.763690224416355
0.005	0.770476703816714	0.901021436616544	0.836659376665093
0.002	0.729873135491025	0.797473927457654	0.891336534454494
0.001	0.733715460248175	0.761164900398039	0.956640040879233
0.0005	0.678673987585008	0.698835204322584	0.958385241577314
