1.1	0.02	0.01	0.005	0.002	0.001	0.0005	
Hui Fang	1.1	0	NaN	0	|	0.02	1	1	1	|	0.01	1	1	1	|	0.005	1	1	1	|	0.002	1	1	1	|	0.001	1	1	1	|	0.0005	1	1	1	|	
Ajay Gupta	1.1	0	NaN	0	|	0.02	0.758620689655172	1	0.758620689655172	|	0.01	0.931034482758621	1	0.931034482758621	|	0.005	0.931034482758621	1	0.931034482758621	|	0.002	0.658536585365854	0.692307692307692	0.931034482758621	|	0.001	0.473684210526316	0.490909090909091	0.931034482758621	|	0.0005	0.473684210526316	0.490909090909091	0.931034482758621	|	
Rakesh Kumar	1.1	0	NaN	0	|	0.02	1	1	1	|	0.01	1	1	1	|	0.005	1	1	1	|	0.002	1	1	1	|	0.001	1	1	1	|	0.0005	1	1	1	|	
Bing Liu	1.1	0	NaN	0	|	0.02	0.172277936962751	0.993801652892562	0.172463248476156	|	0.01	0.403465346534653	0.966949152542373	0.409107206884188	|	0.005	0.561173974540311	0.976014760147601	0.569021154535676	|	0.002	0.678636640292149	0.817748441510818	0.79956973825744	|	0.001	0.711237980769231	0.814521679284239	0.848691287199713	|	0.0005	0.679783950617284	0.706306787814003	0.947651487988526	|	
Jim Smith	1.1	0	NaN	0	|	0.02	0.75	1	0.75	|	0.01	0.845238095238095	1	0.845238095238095	|	0.005	0.916666666666667	1	0.916666666666667	|	0.002	0.916666666666667	1	0.916666666666667	|	0.001	1	1	1	|	0.0005	1	1	1	|	
Michael Wagner	1.1	0	NaN	0	|	0.02	0.640243902439024	1	0.640243902439024	|	0.01	0.640243902439024	1	0.640243902439024	|	0.005	0.61046511627907	0.929203539823009	0.640243902439024	|	0.002	0.825842696629214	0.91304347826087	0.896341463414634	|	0.001	0.641921397379913	0.693396226415094	0.896341463414634	|	0.0005	0.465909090909091	0.465909090909091	1	|	
Lei Wang	1.1	0	NaN	0	|	0.02	0.52020202020202	0.936363636363636	0.539267015706806	|	0.01	0.464435146443515	0.69811320754717	0.581151832460733	|	0.005	0.51056338028169	0.609243697478992	0.759162303664921	|	0.002	0.478688524590164	0.561538461538462	0.764397905759162	|	0.001	0.359922178988327	0.364173228346457	0.968586387434555	|	0.0005	0.284417549167927	0.285714285714286	0.984293193717278	|	
Wei Wang	1.1	0	NaN	0	|	0.02	0.449104234527687	0.859703819173811	0.484622144112478	|	0.01	0.49176807444524	0.726215644820296	0.603690685413005	|	0.005	0.485567010309278	0.540137614678899	0.827768014059754	|	0.002	0.332101138547982	0.333580870340116	0.986818980667838	|	0.001	0.331708757938266	0.333184987390595	0.986818980667838	|	0.0005	0.292357096981374	0.292357096981374	1	|	
Bin Yu	1.1	0	NaN	0	|	0.02	0.608510638297872	1	0.608510638297872	|	0.01	0.685106382978723	1	0.685106382978723	|	0.005	0.685106382978723	1	0.685106382978723	|	0.002	0.914893617021277	1	0.914893617021277	|	0.001	0.632352941176471	0.671875	0.914893617021277	|	0.0005	0.478841870824053	0.501165501165501	0.914893617021277	|	
Average accuracy/precision/recall
1.1	0	NaN	0
0.02	0.65543993578717	0.97665212315889	0.661525293187501
0.01	0.717921270093097	0.93236422276776	0.743952509796932
0.005	0.744508557090484	0.894955512458722	0.814333656344821
0.002	0.756151763234812	0.813135438217551	0.912191428282849
0.001	0.683425274086503	0.707562245816164	0.949596246499626
0.0005	0.630554863225116	0.638040205943705	0.975319197942856
