1.1	0.02	0.01	0.005	0.002	0.001	0.0005	
Hui Fang	1.1	0	NaN	0	|	0.02	1	1	1	|	0.01	1	1	1	|	0.005	1	1	1	|	0.002	0.277777777777778	0.277777777777778	1	|	0.001	0.277777777777778	0.277777777777778	1	|	0.0005	0.277777777777778	0.277777777777778	1	|	
Ajay Gupta	1.1	0	NaN	0	|	0.02	0.758620689655172	1	0.758620689655172	|	0.01	0.931034482758621	1	0.931034482758621	|	0.005	0.931034482758621	1	0.931034482758621	|	0.002	0.617021276595745	0.617021276595745	1	|	0.001	0.617021276595745	0.617021276595745	1	|	0.0005	0.446153846153846	0.446153846153846	1	|	
Rakesh Kumar	1.1	0	NaN	0	|	0.02	1	1	1	|	0.01	1	1	1	|	0.005	1	1	1	|	0.002	1	1	1	|	0.001	1	1	1	|	0.0005	0.644444444444444	0.644444444444444	1	|	
Bing Liu	1.1	0	NaN	0	|	0.02	0.173757597425813	0.983805668016194	0.174256005736823	|	0.01	0.321529745042493	0.96288441145281	0.32556471853711	|	0.005	0.713295941933355	0.899334442595674	0.77518823951237	|	0.002	0.600838135149293	0.690340054167921	0.822517031193976	|	0.001	0.679783950617284	0.706306787814003	0.947651487988526	|	0.0005	0.71220633299285	0.71220633299285	1	|	
Jim Smith	1.1	0	NaN	0	|	0.02	0.75	1	0.75	|	0.01	0.797619047619048	1	0.797619047619048	|	0.005	0.916666666666667	1	0.916666666666667	|	0.002	0.810526315789474	0.875	0.916666666666667	|	0.001	0.810526315789474	0.875	0.916666666666667	|	0.0005	0.4	0.4	1	|	
Michael Wagner	1.1	0	NaN	0	|	0.02	0.640243902439024	1	0.640243902439024	|	0.01	0.640243902439024	1	0.640243902439024	|	0.005	0.640243902439024	1	0.640243902439024	|	0.002	0.706730769230769	0.769633507853403	0.896341463414634	|	0.001	0.788461538461538	0.788461538461538	1	|	0.0005	0.403940886699507	0.403940886699507	1	|	
Lei Wang	1.1	0	NaN	0	|	0.02	0.560606060606061	0.940677966101695	0.581151832460733	|	0.01	0.425287356321839	0.613259668508287	0.581151832460733	|	0.005	0.387543252595156	0.533333333333333	0.586387434554974	|	0.002	0.139449541284404	0.144624167459562	0.795811518324607	|	0.001	0.139449541284404	0.144624167459562	0.795811518324607	|	0.0005	0.149102263856362	0.149102263856362	1	|	
Wei Wang	1.1	0	NaN	0	|	0.02	0.620974401321222	0.911515151515152	0.660808435852373	|	0.01	0.64488188976378	0.861198738170347	0.719683655536028	|	0.005	0.344189357536928	0.366496115216979	0.849736379613357	|	0.002	0.255099753418516	0.255099753418516	1	|	0.001	0.237281067556297	0.237281067556297	1	|	0.0005	0.237281067556297	0.237281067556297	1	|	
Bin Yu	1.1	0	NaN	0	|	0.02	0.625531914893617	1	0.625531914893617	|	0.01	0.685106382978723	1	0.685106382978723	|	0.005	0.914893617021277	1	0.914893617021277	|	0.002	0.508274231678487	0.533498759305211	0.914893617021277	|	0.001	0.48314606741573	0.505882352941176	0.914893617021277	|	0.0005	0.248414376321353	0.248414376321353	1	|	
Average accuracy/precision/recall
1.1	0	NaN	0
0.02	0.681081618482323	0.981777642848116	0.687845864559749
0.01	0.716189200769281	0.937482535347938	0.742267113592143
0.005	0.760874135661225	0.866573765682887	0.84601674695181
0.002	0.546190866769385	0.573666144064237	0.927358921846796
0.001	0.559271948388694	0.572483885400678	0.952780365555675
0.0005	0.391035666200271	0.391035666200271	1
