1.1	0.02	0.01	0.005	0.002	0.001	0.0005	
Hui Fang	1.1	0	NaN	0	|	0.02	1	1	1	|	0.01	0.454545454545455	0.454545454545455	1	|	0.005	0.277777777777778	0.277777777777778	1	|	0.002	0.277777777777778	0.277777777777778	1	|	0.001	0.277777777777778	0.277777777777778	1	|	0.0005	0.277777777777778	0.277777777777778	1	|	
Ajay Gupta	1.1	0	NaN	0	|	0.02	0.611111111111111	0.758620689655172	0.758620689655172	|	0.01	0.611111111111111	0.758620689655172	0.758620689655172	|	0.005	0.617021276595745	0.617021276595745	1	|	0.002	0.617021276595745	0.617021276595745	1	|	0.001	0.508771929824561	0.508771929824561	1	|	0.0005	0.241666666666667	0.241666666666667	1	|	
Rakesh Kumar	1.1	0	NaN	0	|	0.02	1	1	1	|	0.01	1	1	1	|	0.005	1	1	1	|	0.002	0.644444444444444	0.644444444444444	1	|	0.001	0.644444444444444	0.644444444444444	1	|	0.0005	0.644444444444444	0.644444444444444	1	|	
Bing Liu	1.1	0	NaN	0	|	0.02	0.211025280898876	0.910606060606061	0.215489422732162	|	0.01	0.337220602526725	0.777445855115758	0.37325206167085	|	0.005	0.586750788643533	0.687403757314444	0.800286841161707	|	0.002	0.633125325013001	0.697308132875143	0.873072785944783	|	0.001	0.71220633299285	0.71220633299285	1	|	0.0005	0.71220633299285	0.71220633299285	1	|	
Jim Smith	1.1	0	NaN	0	|	0.02	0.75	1	0.75	|	0.01	0.75	1	0.75	|	0.005	0.679245283018868	0.765957446808511	0.857142857142857	|	0.002	0.4	0.4	1	|	0.001	0.4	0.4	1	|	0.0005	0.4	0.4	1	|	
Michael Wagner	1.1	0	NaN	0	|	0.02	0.640243902439024	1	0.640243902439024	|	0.01	0.583333333333333	0.867768595041322	0.640243902439024	|	0.005	0.504807692307692	0.704697986577181	0.640243902439024	|	0.002	0.479452054794521	0.65625	0.640243902439024	|	0.001	0.319034852546917	0.36280487804878	0.725609756097561	|	0.0005	0.403940886699507	0.403940886699507	1	|	
Lei Wang	1.1	0	NaN	0	|	0.02	0.447058823529412	0.640449438202247	0.596858638743455	|	0.01	0.346504559270517	0.452380952380952	0.596858638743455	|	0.005	0.156964656964657	0.163774403470716	0.790575916230366	|	0.002	0.139449541284404	0.144624167459562	0.795811518324607	|	0.001	0.149102263856362	0.149102263856362	1	|	0.0005	0.149102263856362	0.149102263856362	1	|	
Wei Wang	1.1	0	NaN	0	|	0.02	0.318000613308801	0.512858555885262	0.455623901581722	|	0.01	0.312158666283415	0.474442988204456	0.477152899824253	|	0.005	0.236296935692706	0.238510128512307	0.962214411247803	|	0.002	0.236819907212147	0.237571398349905	0.986818980667838	|	0.001	0.237281067556297	0.237281067556297	1	|	0.0005	0.230597771023303	0.230597771023303	1	|	
Bin Yu	1.1	0	NaN	0	|	0.02	0.5625	0.964285714285714	0.574468085106383	|	0.01	0.680608365019011	0.864734299516908	0.761702127659574	|	0.005	0.49584487534626	0.586885245901639	0.761702127659574	|	0.002	0.3767258382643	0.412526997840173	0.812765957446808	|	0.001	0.248414376321353	0.248414376321353	1	|	0.0005	0.248414376321353	0.248414376321353	1	|	
Average accuracy/precision/recall
1.1	0	NaN	0
0.02	0.615548859031914	0.865202273181606	0.665700515584213
0.01	0.563942454676619	0.73888209271778	0.706425591110259
0.005	0.506078809594138	0.560225335884258	0.868018450653481
0.002	0.422757351709593	0.454169355038083	0.900968127202562
0.001	0.38855922725784	0.393422563424714	0.969512195121951
0.0005	0.367572279975807	0.367572279975807	1
