1.1	0.02	0.01	0.005	0.002	0.001	0.0005	
Hui Fang	1.1	0	NaN	0	|	0.02	1	1	1	|	0.01	1	1	1	|	0.005	1	1	1	|	0.002	1	1	1	|	0.001	1	1	1	|	0.0005	1	1	1	|	
Ajay Gupta	1.1	0	NaN	0	|	0.02	0.758620689655172	1	0.758620689655172	|	0.01	0.931034482758621	1	0.931034482758621	|	0.005	0.931034482758621	1	0.931034482758621	|	0.002	0.658536585365854	0.692307692307692	0.931034482758621	|	0.001	0.473684210526316	0.490909090909091	0.931034482758621	|	0.0005	0.473684210526316	0.490909090909091	0.931034482758621	|	
Rakesh Kumar	1.1	0	NaN	0	|	0.02	1	1	1	|	0.01	1	1	1	|	0.005	1	1	1	|	0.002	1	1	1	|	0.001	1	1	1	|	0.0005	1	1	1	|	
Bing Liu	1.1	0	NaN	0	|	0.02	0.177586824203366	0.992	0.177841520258157	|	0.01	0.436337625178827	0.994295028524857	0.437432771602725	|	0.005	0.515536723163842	0.971390552228876	0.523485120114736	|	0.002	0.678636640292149	0.817748441510818	0.79956973825744	|	0.001	0.717272727272727	0.822446143154969	0.848691287199713	|	0.0005	0.794170673076923	0.830609679446889	0.947651487988526	|	
Jim Smith	1.1	0	NaN	0	|	0.02	0.75	1	0.75	|	0.01	0.845238095238095	1	0.845238095238095	|	0.005	0.916666666666667	1	0.916666666666667	|	0.002	0.916666666666667	1	0.916666666666667	|	0.001	1	1	1	|	0.0005	1	1	1	|	
Michael Wagner	1.1	0	NaN	0	|	0.02	0.640243902439024	1	0.640243902439024	|	0.01	0.640243902439024	1	0.640243902439024	|	0.005	0.61046511627907	0.929203539823009	0.640243902439024	|	0.002	0.854651162790698	0.948387096774194	0.896341463414634	|	0.001	0.641921397379913	0.693396226415094	0.896341463414634	|	0.0005	0.641921397379913	0.693396226415094	0.896341463414634	|	
Lei Wang	1.1	0	NaN	0	|	0.02	0.52020202020202	0.936363636363636	0.539267015706806	|	0.01	0.5	0.703488372093023	0.633507853403141	|	0.005	0.523636363636364	0.631578947368421	0.753926701570681	|	0.002	0.5	0.594262295081967	0.759162303664921	|	0.001	0.347504621072089	0.349442379182156	0.984293193717278	|	0.0005	0.275613275613276	0.275613275613276	1	|	
Wei Wang	1.1	0	NaN	0	|	0.02	0.51589656634167	0.936153846153846	0.534710017574693	|	0.01	0.562380038387716	0.816610925306578	0.643673110720562	|	0.005	0.486068111455108	0.540757749712974	0.827768014059754	|	0.002	0.332101138547982	0.333580870340116	0.986818980667838	|	0.001	0.331708757938266	0.333184987390595	0.986818980667838	|	0.0005	0.292357096981374	0.292357096981374	1	|	
Bin Yu	1.1	0	NaN	0	|	0.02	0.531914893617021	1	0.531914893617021	|	0.01	0.685106382978723	1	0.685106382978723	|	0.005	0.685106382978723	1	0.685106382978723	|	0.002	0.914893617021277	1	0.914893617021277	|	0.001	0.632352941176471	0.671875	0.914893617021277	|	0.0005	0.632352941176471	0.671875	0.914893617021277	|	
Average accuracy/precision/recall
1.1	0	NaN	0
0.02	0.654940544050919	0.984946386946387	0.659177559916764
0.01	0.733371169664556	0.946043813991607	0.757359622126766
0.005	0.740945982993155	0.896992309903698	0.80869236339869
0.002	0.761720645631625	0.820698488446088	0.911609694716822
0.001	0.68271607281842	0.706805980783545	0.951341447197707
0.0005	0.678899954972697	0.694973374373969	0.965546783464784
