1.1	0.02	0.01	0.005	0.002	0.001	0.0005	0.0002	0.0001	
Hui Fang	1.1	0	NaN	0	|	0.02	1	1	1	|	0.01	1	1	1	|	0.005	0.454545454545455	0.454545454545455	1	|	0.002	0.277777777777778	0.277777777777778	1	|	0.001	0.277777777777778	0.277777777777778	1	|	0.0005	0.277777777777778	0.277777777777778	1	|	0.0002	0.277777777777778	0.277777777777778	1	|	0.0001	0.277777777777778	0.277777777777778	1	|	
Ajay Gupta	1.1	0	NaN	0	|	0.02	0.709677419354839	0.916666666666667	0.758620689655172	|	0.01	0.611111111111111	0.758620689655172	0.758620689655172	|	0.005	0.611111111111111	0.758620689655172	0.758620689655172	|	0.002	0.617021276595745	0.617021276595745	1	|	0.001	0.315217391304348	0.315217391304348	1	|	0.0005	0.241666666666667	0.241666666666667	1	|	0.0002	0.241666666666667	0.241666666666667	1	|	0.0001	0.241666666666667	0.241666666666667	1	|	
Joseph Hellerstein	1.1	0	NaN	0	|	0.02	0.221467154556543	0.981467181467181	0.222397200349956	|	0.01	0.319045129813556	0.987061994609164	0.320384951881015	|	0.005	0.562532433834977	0.980108499095841	0.569028871391076	|	0.002	0.492538679849858	0.50812240272006	0.941382327209099	|	0.001	0.502669039145907	0.505592841163311	0.988626421697288	|	0.0005	0.504635761589404	0.504635761589404	1	|	0.0002	0.504635761589404	0.504635761589404	1	|	0.0001	0.504635761589404	0.504635761589404	1	|	
Rakesh Kumar	1.1	0	NaN	0	|	0.02	1	1	1	|	0.01	1	1	1	|	0.005	1	1	1	|	0.002	1	1	1	|	0.001	0.644444444444444	0.644444444444444	1	|	0.0005	0.644444444444444	0.644444444444444	1	|	0.0002	0.644444444444444	0.644444444444444	1	|	0.0001	0.644444444444444	0.644444444444444	1	|	
Michael Wagner	1.1	0	NaN	0	|	0.02	0.640243902439024	1	0.640243902439024	|	0.01	0.617647058823529	0.945945945945946	0.640243902439024	|	0.005	0.504807692307692	0.704697986577181	0.640243902439024	|	0.002	0.671232876712329	0.727722772277228	0.896341463414634	|	0.001	0.403940886699507	0.403940886699507	1	|	0.0005	0.403940886699507	0.403940886699507	1	|	0.0002	0.403940886699507	0.403940886699507	1	|	0.0001	0.403940886699507	0.403940886699507	1	|	
Bing Liu	1.1	0	NaN	0	|	0.02	0.248925501432665	0.995702005730659	0.2491932592327	|	0.01	0.444482877896921	0.926459985580389	0.460738615991395	|	0.005	0.586225026288118	0.687211093990755	0.79956973825744	|	0.002	0.647927461139896	0.7001679731243	0.896737181785586	|	0.001	0.71220633299285	0.71220633299285	1	|	0.0005	0.71220633299285	0.71220633299285	1	|	0.0002	0.71220633299285	0.71220633299285	1	|	0.0001	0.71220633299285	0.71220633299285	1	|	
Jim Smith	1.1	0	NaN	0	|	0.02	0.75	1	0.75	|	0.01	0.75	1	0.75	|	0.005	0.810526315789474	0.875	0.916666666666667	|	0.002	0.647058823529412	0.6875	0.916666666666667	|	0.001	0.4	0.4	1	|	0.0005	0.4	0.4	1	|	0.0002	0.4	0.4	1	|	0.0001	0.4	0.4	1	|	
Lei Wang	1.1	0	NaN	0	|	0.02	0.439130434782609	0.721428571428571	0.528795811518325	|	0.01	0.336391437308869	0.447154471544715	0.575916230366492	|	0.005	0.252873563218391	0.310734463276836	0.575916230366492	|	0.002	0.145669291338583	0.152106885919836	0.774869109947644	|	0.001	0.149102263856362	0.149102263856362	1	|	0.0005	0.149102263856362	0.149102263856362	1	|	0.0002	0.128619528619529	0.128619528619529	1	|	0.0001	0.128619528619529	0.128619528619529	1	|	
Wei Wang	1.1	0	NaN	0	|	0.02	0.524831148192292	0.845710627400768	0.580404217926186	|	0.01	0.424886998138793	0.518326305546546	0.702108963093146	|	0.005	0.260682740510862	0.263577118030413	0.959578207381371	|	0.002	0.237281067556297	0.237281067556297	1	|	0.001	0.230597771023303	0.230597771023303	1	|	0.0005	0.230597771023303	0.230597771023303	1	|	0.0002	0.230597771023303	0.230597771023303	1	|	0.0001	0.230597771023303	0.230597771023303	1	|	
Bin Yu	1.1	0	NaN	0	|	0.02	0.625531914893617	1	0.625531914893617	|	0.01	0.670833333333333	0.969879518072289	0.685106382978723	|	0.005	0.645645645645646	0.686900958466454	0.914893617021277	|	0.002	0.48314606741573	0.505882352941176	0.914893617021277	|	0.001	0.27262180974478	0.27262180974478	1	|	0.0005	0.248414376321353	0.248414376321353	1	|	0.0002	0.248414376321353	0.248414376321353	1	|	0.0001	0.248414376321353	0.248414376321353	1	|	
Average accuracy/precision/recall
1.1	0	NaN	0
0.02	0.615980747565159	0.946097505269385	0.635518699601498
0.01	0.617439794642611	0.855344891095422	0.689311973640497
0.005	0.568894998325172	0.672139626363811	0.813451792317852
0.002	0.521965332191563	0.541358250891242	0.934089036604491
0.001	0.390857771698928	0.391150151900668	0.998862642169729
0.0005	0.381278628137167	0.381278628137167	1
0.0002	0.379230354613483	0.379230354613483	1
0.0001	0.379230354613483	0.379230354613483	1
