1.1	0.02	0.01	0.005	0.002	0.001	0.0005	0.0002	0.0001	
Hui Fang	1.1	0	NaN	0	|	0.02	1	1	1	|	0.01	1	1	1	|	0.005	1	1	1	|	0.002	1	1	1	|	0.001	0.277777777777778	0.277777777777778	1	|	0.0005	0.277777777777778	0.277777777777778	1	|	0.0002	0.277777777777778	0.277777777777778	1	|	0.0001	0.277777777777778	0.277777777777778	1	|	
Ajay Gupta	1.1	0	NaN	0	|	0.02	0.724137931034483	1	0.724137931034483	|	0.01	0.931034482758621	1	0.931034482758621	|	0.005	0.931034482758621	1	0.931034482758621	|	0.002	0.658536585365854	0.692307692307692	0.931034482758621	|	0.001	0.617021276595745	0.617021276595745	1	|	0.0005	0.446153846153846	0.446153846153846	1	|	0.0002	0.241666666666667	0.241666666666667	1	|	0.0001	0.241666666666667	0.241666666666667	1	|	
Joseph Hellerstein	1.1	0	NaN	0	|	0.02	0.111517686008015	0.963855421686747	0.111986001749781	|	0.01	0.245687401986409	0.98326359832636	0.246719160104987	|	0.005	0.41662310507057	0.990062111801242	0.418372703412074	|	0.002	0.689483616400755	0.972417130413743	0.70323709536308	|	0.001	0.875213675213675	0.974310180780209	0.89588801399825	|	0.0005	0.504635761589404	0.504635761589404	1	|	0.0002	0.504635761589404	0.504635761589404	1	|	0.0001	0.504635761589404	0.504635761589404	1	|	
Rakesh Kumar	1.1	0	NaN	0	|	0.02	1	1	1	|	0.01	1	1	1	|	0.005	1	1	1	|	0.002	1	1	1	|	0.001	1	1	1	|	0.0005	0.644444444444444	0.644444444444444	1	|	0.0002	0.644444444444444	0.644444444444444	1	|	0.0001	0.644444444444444	0.644444444444444	1	|	
Michael Wagner	1.1	0	NaN	0	|	0.02	0.640243902439024	1	0.640243902439024	|	0.01	0.640243902439024	1	0.640243902439024	|	0.005	0.61046511627907	0.929203539823009	0.640243902439024	|	0.002	0.953488372093023	0.953488372093023	1	|	0.001	0.788461538461538	0.788461538461538	1	|	0.0005	0.403940886699507	0.403940886699507	1	|	0.0002	0.403940886699507	0.403940886699507	1	|	0.0001	0.403940886699507	0.403940886699507	1	|	
Bing Liu	1.1	0	NaN	0	|	0.02	0.185821697099893	0.992351816443595	0.186088203657225	|	0.01	0.361995753715499	0.965094339622641	0.366798135532449	|	0.005	0.509354041651959	0.970410221923336	0.517389745428469	|	0.002	0.656060606060606	0.809043348281016	0.77626389386877	|	0.001	0.647927461139896	0.7001679731243	0.896737181785586	|	0.0005	0.679783950617284	0.706306787814003	0.947651487988526	|	0.0002	0.71220633299285	0.71220633299285	1	|	0.0001	0.71220633299285	0.71220633299285	1	|	
Jim Smith	1.1	0	NaN	0	|	0.02	0.75	1	0.75	|	0.01	0.845238095238095	1	0.845238095238095	|	0.005	0.916666666666667	1	0.916666666666667	|	0.002	0.916666666666667	1	0.916666666666667	|	0.001	0.810526315789474	0.875	0.916666666666667	|	0.0005	0.488372093023256	0.488372093023256	1	|	0.0002	0.4	0.4	1	|	0.0001	0.4	0.4	1	|	
Lei Wang	1.1	0	NaN	0	|	0.02	0.448453608247423	0.966666666666667	0.455497382198953	|	0.01	0.4	0.681159420289855	0.492146596858639	|	0.005	0.419795221843003	0.546666666666667	0.643979057591623	|	0.002	0.302277432712215	0.333333333333333	0.764397905759162	|	0.001	0.138506163886875	0.138506163886875	1	|	0.0005	0.138506163886875	0.138506163886875	1	|	0.0002	0.128619528619529	0.128619528619529	1	|	0.0001	0.128619528619529	0.128619528619529	1	|	
Wei Wang	1.1	0	NaN	0	|	0.02	0.419126819126819	0.886543535620053	0.442882249560633	|	0.01	0.467005076142132	0.807562457798785	0.525483304042179	|	0.005	0.464543812104788	0.488714659063911	0.90377855887522	|	0.002	0.321270204548705	0.322654790978308	0.986818980667838	|	0.001	0.262878262878263	0.262878262878263	1	|	0.0005	0.237281067556297	0.237281067556297	1	|	0.0002	0.230597771023303	0.230597771023303	1	|	0.0001	0.230597771023303	0.230597771023303	1	|	
Bin Yu	1.1	0	NaN	0	|	0.02	0.531914893617021	1	0.531914893617021	|	0.01	0.625531914893617	1	0.625531914893617	|	0.005	0.804255319148936	1	0.804255319148936	|	0.002	0.895833333333333	0.977272727272727	0.914893617021277	|	0.001	0.508274231678487	0.533498759305211	0.914893617021277	|	0.0005	0.253303964757709	0.254706533776301	0.978723404255319	|	0.0002	0.248414376321353	0.248414376321353	1	|	0.0001	0.248414376321353	0.248414376321353	1	|	
Average accuracy/precision/recall
1.1	0	NaN	0
0.02	0.581121653757268	0.980941744041706	0.584275056425712
0.01	0.65167366271734	0.943707981603764	0.667319559186761
0.005	0.707273776552361	0.892505719927816	0.777572043632063
0.002	0.739361681718116	0.806051739467984	0.899331264210541
0.001	0.592658670342173	0.616762193280992	0.962418547947178
0.0005	0.40741999565064	0.410212536272171	0.992637489224385
0.0002	0.379230354613483	0.379230354613483	1
0.0001	0.379230354613483	0.379230354613483	1
