1.1	0.02	0.01	0.005	0.002	0.001	0.0005	0.0002	0.0001	
Hui Fang	1.1	0	NaN	0	|	0.02	1	1	1	|	0.01	1	1	1	|	0.005	1	1	1	|	0.002	1	1	1	|	0.001	0.277777777777778	0.277777777777778	1	|	0.0005	0.277777777777778	0.277777777777778	1	|	0.0002	0.277777777777778	0.277777777777778	1	|	0.0001	0.277777777777778	0.277777777777778	1	|	
Ajay Gupta	1.1	0	NaN	0	|	0.02	0.724137931034483	1	0.724137931034483	|	0.01	0.758620689655172	1	0.758620689655172	|	0.005	0.931034482758621	1	0.931034482758621	|	0.002	0.658536585365854	0.692307692307692	0.931034482758621	|	0.001	0.617021276595745	0.617021276595745	1	|	0.0005	0.315217391304348	0.315217391304348	1	|	0.0002	0.241666666666667	0.241666666666667	1	|	0.0001	0.241666666666667	0.241666666666667	1	|	
Joseph Hellerstein	1.1	0	NaN	0	|	0.02	0.189453466038065	0.989061075660893	0.189851268591426	|	0.01	0.266225856968853	0.979513444302177	0.267716535433071	|	0.005	0.560844729098148	0.98122350090854	0.566929133858268	|	0.002	0.893303647884912	0.976779026217228	0.912685914260717	|	0.001	0.92420872540633	0.9765003615329	0.945231846019248	|	0.0005	0.502669039145907	0.505592841163311	0.988626421697288	|	0.0002	0.504635761589404	0.504635761589404	1	|	0.0001	0.504635761589404	0.504635761589404	1	|	
Rakesh Kumar	1.1	0	NaN	0	|	0.02	1	1	1	|	0.01	1	1	1	|	0.005	1	1	1	|	0.002	1	1	1	|	0.001	1	1	1	|	0.0005	0.644444444444444	0.644444444444444	1	|	0.0002	0.644444444444444	0.644444444444444	1	|	0.0001	0.644444444444444	0.644444444444444	1	|	
Michael Wagner	1.1	0	NaN	0	|	0.02	0.640243902439024	1	0.640243902439024	|	0.01	0.640243902439024	1	0.640243902439024	|	0.005	0.61046511627907	0.929203539823009	0.640243902439024	|	0.002	0.626315789473684	0.820689655172414	0.725609756097561	|	0.001	0.788461538461538	0.788461538461538	1	|	0.0005	0.403940886699507	0.403940886699507	1	|	0.0002	0.403940886699507	0.403940886699507	1	|	0.0001	0.403940886699507	0.403940886699507	1	|	
Bing Liu	1.1	0	NaN	0	|	0.02	0.278953029759771	1	0.278953029759771	|	0.01	0.441761363636364	0.978756884343037	0.446038006453926	|	0.005	0.648495575221239	0.980728051391863	0.656866260308354	|	0.002	0.799211304633585	0.905435591958302	0.871997131588383	|	0.001	0.679783950617284	0.706306787814003	0.947651487988526	|	0.0005	0.71220633299285	0.71220633299285	1	|	0.0002	0.71220633299285	0.71220633299285	1	|	0.0001	0.71220633299285	0.71220633299285	1	|	
Jim Smith	1.1	0	NaN	0	|	0.02	0.75	1	0.75	|	0.01	0.797619047619048	1	0.797619047619048	|	0.005	0.916666666666667	1	0.916666666666667	|	0.002	0.916666666666667	1	0.916666666666667	|	0.001	0.810526315789474	0.875	0.916666666666667	|	0.0005	0.4	0.4	1	|	0.0002	0.4	0.4	1	|	0.0001	0.4	0.4	1	|	
Lei Wang	1.1	0	NaN	0	|	0.02	0.38655462184874	0.661870503597122	0.481675392670157	|	0.01	0.393822393822394	0.6	0.534031413612565	|	0.005	0.312676056338028	0.403636363636364	0.581151832460733	|	0.002	0.274058577405858	0.313397129186603	0.68586387434555	|	0.001	0.139449541284404	0.144624167459562	0.795811518324607	|	0.0005	0.149102263856362	0.149102263856362	1	|	0.0002	0.128619528619529	0.128619528619529	1	|	0.0001	0.128619528619529	0.128619528619529	1	|	
Wei Wang	1.1	0	NaN	0	|	0.02	0.530085959885387	0.885772913816689	0.568980667838313	|	0.01	0.627528758429195	0.865900383141762	0.695079086115993	|	0.005	0.366873845120108	0.372632656543252	0.959578207381371	|	0.002	0.304837822979659	0.307287337212524	0.974516695957821	|	0.001	0.244258424554625	0.244258424554625	1	|	0.0005	0.237281067556297	0.237281067556297	1	|	0.0002	0.230597771023303	0.230597771023303	1	|	0.0001	0.230597771023303	0.230597771023303	1	|	
Bin Yu	1.1	0	NaN	0	|	0.02	0.625531914893617	1	0.625531914893617	|	0.01	0.685106382978723	1	0.685106382978723	|	0.005	0.540268456375839	0.71875	0.685106382978723	|	0.002	0.623188405797101	0.661538461538462	0.914893617021277	|	0.001	0.508274231678487	0.533498759305211	0.914893617021277	|	0.0005	0.27262180974478	0.27262180974478	1	|	0.0002	0.248414376321353	0.248414376321353	1	|	0.0001	0.248414376321353	0.248414376321353	1	|	
Average accuracy/precision/recall
1.1	0	NaN	0
0.02	0.612496082589909	0.95367044930747	0.625937410722679
0.01	0.661092839554877	0.942417071178697	0.682445506430752
0.005	0.688732492785772	0.838617411230303	0.793757686885176
0.002	0.709611880020732	0.767743489359323	0.89332681386966
0.001	0.598976178216567	0.616344909350136	0.952025513602032
0.0005	0.391526101352227	0.391818481553968	0.998862642169729
0.0002	0.379230354613483	0.379230354613483	1
0.0001	0.379230354613483	0.379230354613483	1
