1.1	0.02	0.01	0.005	0.002	0.001	0.0005	0.0002	0.0001	
Hui Fang	1.1	0	NaN	0	|	0.02	1	1	1	|	0.01	1	1	1	|	0.005	1	1	1	|	0.002	1	1	1	|	0.001	1	1	1	|	0.0005	1	1	1	|	0.0002	0.555555555555556	0.555555555555556	1	|	0.0001	0.555555555555556	0.555555555555556	1	|	
Ajay Gupta	1.1	0	NaN	0	|	0.02	0.724137931034483	1	0.724137931034483	|	0.01	0.931034482758621	1	0.931034482758621	|	0.005	0.931034482758621	1	0.931034482758621	|	0.002	0.658536585365854	0.692307692307692	0.931034482758621	|	0.001	0.658536585365854	0.692307692307692	0.931034482758621	|	0.0005	0.473684210526316	0.490909090909091	0.931034482758621	|	0.0002	0.473684210526316	0.490909090909091	0.931034482758621	|	0.0001	0.252336448598131	0.257142857142857	0.931034482758621	|	
Joseph Hellerstein	1.1	0	NaN	0	|	0.02	0.197421153511065	0.979256698357822	0.19825021872266	|	0.01	0.301968984143579	0.986340352874217	0.30323709536308	|	0.005	0.442829960214496	0.974866717440975	0.447944006999125	|	0.002	0.849683273412087	0.975240715268226	0.868416447944007	|	0.001	0.848376068376068	0.973519027069439	0.868416447944007	|	0.0005	0.853267162944582	0.939868804664723	0.902537182852143	|	0.0002	0.500133226751932	0.503892617449664	0.985301837270341	|	0.0001	0.500133226751932	0.503892617449664	0.985301837270341	|	
Rakesh Kumar	1.1	0	NaN	0	|	0.02	1	1	1	|	0.01	1	1	1	|	0.005	1	1	1	|	0.002	1	1	1	|	0.001	1	1	1	|	0.0005	1	1	1	|	0.0002	1	1	1	|	0.0001	0.644444444444444	0.644444444444444	1	|	
Michael Wagner	1.1	0	NaN	0	|	0.02	0.640243902439024	1	0.640243902439024	|	0.01	0.640243902439024	1	0.640243902439024	|	0.005	0.61046511627907	0.929203539823009	0.640243902439024	|	0.002	0.953488372093023	0.953488372093023	1	|	0.001	0.953488372093023	0.953488372093023	1	|	0.0005	0.725663716814159	0.725663716814159	1	|	0.0002	0.465909090909091	0.465909090909091	1	|	0.0001	0.465909090909091	0.465909090909091	1	|	
Bing Liu	1.1	0	NaN	0	|	0.02	0.163858013624955	1	0.163858013624955	|	0.01	0.39541547277937	0.997289972899729	0.395840803155253	|	0.005	0.60553387726144	0.98272884283247	0.612047328791682	|	0.002	0.740863787375415	0.909832721338229	0.79956973825744	|	0.001	0.778399736582153	0.905053598774885	0.847615632843313	|	0.0005	0.769898264512268	0.823096609085093	0.92255288633919	|	0.0002	0.71220633299285	0.71220633299285	1	|	0.0001	0.71220633299285	0.71220633299285	1	|	
Jim Smith	1.1	0	NaN	0	|	0.02	0.75	1	0.75	|	0.01	0.75	1	0.75	|	0.005	0.916666666666667	1	0.916666666666667	|	0.002	0.916666666666667	1	0.916666666666667	|	0.001	1	1	1	|	0.0005	1	1	1	|	0.0002	1	1	1	|	0.0001	0.488372093023256	0.488372093023256	1	|	
Lei Wang	1.1	0	NaN	0	|	0.02	0.530612244897959	0.954128440366973	0.544502617801047	|	0.01	0.5	0.703488372093023	0.633507853403141	|	0.005	0.537313432835821	0.65158371040724	0.753926701570681	|	0.002	0.501742160278746	0.6	0.753926701570681	|	0.001	0.347504621072089	0.349442379182156	0.984293193717278	|	0.0005	0.275613275613276	0.275613275613276	1	|	0.0002	0.175390266299357	0.175390266299357	1	|	0.0001	0.1614539306847	0.1614539306847	1	|	
Wei Wang	1.1	0	NaN	0	|	0.02	0.4383788254756	0.881863560732113	0.46572934973638	|	0.01	0.519063797659494	0.786613272311213	0.604130052724077	|	0.005	0.487785657998424	0.548110979929162	0.815905096660808	|	0.002	0.332297677171179	0.333779164809036	0.986818980667838	|	0.001	0.332297677171179	0.333779164809036	0.986818980667838	|	0.0005	0.332101138547982	0.333580870340116	0.986818980667838	|	0.0002	0.230597771023303	0.230597771023303	1	|	0.0001	0.230597771023303	0.230597771023303	1	|	
Bin Yu	1.1	0	NaN	0	|	0.02	0.625531914893617	1	0.625531914893617	|	0.01	0.685106382978723	1	0.685106382978723	|	0.005	0.685106382978723	1	0.685106382978723	|	0.002	0.632352941176471	0.671875	0.914893617021277	|	0.001	0.632352941176471	0.671875	0.914893617021277	|	0.0005	0.632352941176471	0.671875	0.914893617021277	|	0.0002	0.478841870824053	0.501165501165501	0.914893617021277	|	0.0001	0.253303964757709	0.254706533776301	0.978723404255319	|	
Average accuracy/precision/recall
1.1	0	NaN	0
0.02	0.60701839858767	0.981524869945691	0.611225394825217
0.01	0.672283302275881	0.947373197017818	0.694310057282192
0.005	0.721673557699326	0.908649379043285	0.780287456886533
0.002	0.758563146353944	0.813652366581621	0.917132663488653
0.001	0.755095600183684	0.787946523423623	0.953307235495233
0.0005	0.706258071013505	0.726060736742646	0.965783714963907
0.0002	0.559231832488246	0.563562622630441	0.983122993705024
0.0001	0.426431285874097	0.427428122700202	0.989505972428428
