1.1	0.02	0.01	0.005	0.002	0.001	0.0005	0.0002	0.0001	
Hui Fang	1.1	0	NaN	0	|	0.02	1	1	1	|	0.01	1	1	1	|	0.005	0.454545454545455	0.454545454545455	1	|	0.002	0.277777777777778	0.277777777777778	1	|	0.001	0.277777777777778	0.277777777777778	1	|	0.0005	0.277777777777778	0.277777777777778	1	|	0.0002	0.277777777777778	0.277777777777778	1	|	0.0001	0.277777777777778	0.277777777777778	1	|	
Ajay Gupta	1.1	0	NaN	0	|	0.02	0.758620689655172	1	0.758620689655172	|	0.01	0.709677419354839	0.916666666666667	0.758620689655172	|	0.005	0.617021276595745	0.617021276595745	1	|	0.002	0.617021276595745	0.617021276595745	1	|	0.001	0.315217391304348	0.315217391304348	1	|	0.0005	0.241666666666667	0.241666666666667	1	|	0.0002	0.241666666666667	0.241666666666667	1	|	0.0001	0.241666666666667	0.241666666666667	1	|	
Joseph Hellerstein	1.1	0	NaN	0	|	0.02	0.176337341000174	0.976833976833977	0.177077865266842	|	0.01	0.341000174246384	0.987884906612822	0.342432195975503	|	0.005	0.503618194348725	0.970451527224436	0.511461067366579	|	0.002	0.870530418573123	0.965057298515875	0.898862642169729	|	0.001	0.502669039145907	0.505592841163311	0.988626421697288	|	0.0005	0.502669039145907	0.505592841163311	0.988626421697288	|	0.0002	0.504635761589404	0.504635761589404	1	|	0.0001	0.504635761589404	0.504635761589404	1	|	
Rakesh Kumar	1.1	0	NaN	0	|	0.02	1	1	1	|	0.01	1	1	1	|	0.005	1	1	1	|	0.002	1	1	1	|	0.001	0.644444444444444	0.644444444444444	1	|	0.0005	0.644444444444444	0.644444444444444	1	|	0.0002	0.644444444444444	0.644444444444444	1	|	0.0001	0.644444444444444	0.644444444444444	1	|	
Michael Wagner	1.1	0	NaN	0	|	0.02	0.640243902439024	1	0.640243902439024	|	0.01	0.640243902439024	1	0.640243902439024	|	0.005	0.504807692307692	0.704697986577181	0.640243902439024	|	0.002	0.788461538461538	0.788461538461538	1	|	0.001	0.788461538461538	0.788461538461538	1	|	0.0005	0.403940886699507	0.403940886699507	1	|	0.0002	0.403940886699507	0.403940886699507	1	|	0.0001	0.403940886699507	0.403940886699507	1	|	
Bing Liu	1.1	0	NaN	0	|	0.02	0.159196844747221	1	0.159196844747221	|	0.01	0.523164647184604	0.988552188552189	0.526353531731804	|	0.005	0.740561471442401	0.880998080614203	0.82287558264611	|	0.002	0.647668393782383	0.70008401008121	0.896378630333453	|	0.001	0.71220633299285	0.71220633299285	1	|	0.0005	0.71220633299285	0.71220633299285	1	|	0.0002	0.71220633299285	0.71220633299285	1	|	0.0001	0.71220633299285	0.71220633299285	1	|	
Jim Smith	1.1	0	NaN	0	|	0.02	0.75	1	0.75	|	0.01	0.75	1	0.75	|	0.005	0.916666666666667	1	0.916666666666667	|	0.002	0.810526315789474	0.875	0.916666666666667	|	0.001	0.4	0.4	1	|	0.0005	0.4	0.4	1	|	0.0002	0.4	0.4	1	|	0.0001	0.4	0.4	1	|	
Lei Wang	1.1	0	NaN	0	|	0.02	0.454954954954955	0.765151515151515	0.528795811518325	|	0.01	0.357894736842105	0.520408163265306	0.534031413612565	|	0.005	0.315492957746479	0.405797101449275	0.586387434554974	|	0.002	0.139449541284404	0.144624167459562	0.795811518324607	|	0.001	0.139449541284404	0.144624167459562	0.795811518324607	|	0.0005	0.149102263856362	0.149102263856362	1	|	0.0002	0.128619528619529	0.128619528619529	1	|	0.0001	0.128619528619529	0.128619528619529	1	|	
Wei Wang	1.1	0	NaN	0	|	0.02	0.440894568690096	0.828828828828829	0.48506151142355	|	0.01	0.446977730646872	0.529855436832181	0.740773286467487	|	0.005	0.294834103317934	0.302022085185716	0.92530755711775	|	0.002	0.244258424554625	0.244258424554625	1	|	0.001	0.237281067556297	0.237281067556297	1	|	0.0005	0.237281067556297	0.237281067556297	1	|	0.0002	0.230597771023303	0.230597771023303	1	|	0.0001	0.230597771023303	0.230597771023303	1	|	
Bin Yu	1.1	0	NaN	0	|	0.02	0.625531914893617	1	0.625531914893617	|	0.01	0.670833333333333	0.969879518072289	0.685106382978723	|	0.005	0.895833333333333	0.977272727272727	0.914893617021277	|	0.002	0.48314606741573	0.505882352941176	0.914893617021277	|	0.001	0.27262180974478	0.27262180974478	1	|	0.0005	0.248414376321353	0.248414376321353	1	|	0.0002	0.248414376321353	0.248414376321353	1	|	0.0001	0.248414376321353	0.248414376321353	1	|	
Average accuracy/precision/recall
1.1	0	NaN	0
0.02	0.600578021638026	0.957081432081432	0.612452853994375
0.01	0.643979194404716	0.891324688000145	0.697756140286028
0.005	0.624338115030443	0.731280623946474	0.831783582781238
0.002	0.58788397542348	0.611816684638751	0.942261307451573
0.001	0.429012894271235	0.429822737090491	0.97844379400219
0.0005	0.381750285546117	0.382042665747857	0.998862642169729
0.0002	0.379230354613483	0.379230354613483	1
0.0001	0.379230354613483	0.379230354613483	1
