1.1	0.02	0.01	0.005	0.002	0.001	0.0005	0.0002	0.0001	
Hui Fang	1.1	0	NaN	0	|	0.02	1	1	1	|	0.01	1	1	1	|	0.005	1	1	1	|	0.002	1	1	1	|	0.001	1	1	1	|	0.0005	1	1	1	|	0.0002	0.555555555555556	0.555555555555556	1	|	0.0001	0.555555555555556	0.555555555555556	1	|	
Ajay Gupta	1.1	0	NaN	0	|	0.02	0.724137931034483	1	0.724137931034483	|	0.01	0.931034482758621	1	0.931034482758621	|	0.005	0.931034482758621	1	0.931034482758621	|	0.002	0.658536585365854	0.692307692307692	0.931034482758621	|	0.001	0.658536585365854	0.692307692307692	0.931034482758621	|	0.0005	0.473684210526316	0.490909090909091	0.931034482758621	|	0.0002	0.252336448598131	0.257142857142857	0.931034482758621	|	0.0001	0.252336448598131	0.257142857142857	0.931034482758621	|	
Joseph Hellerstein	1.1	0	NaN	0	|	0.02	0.119238826815642	0.98132183908046	0.119510061242345	|	0.01	0.282821229050279	0.99203919167177	0.283464566929134	|	0.005	0.449121586362846	0.987003058103975	0.451793525809274	|	0.002	0.666552491865045	0.969123505976096	0.681014873140857	|	0.001	0.791431984980372	0.9698807780799	0.811373578302712	|	0.0005	0.853485298975884	0.938430802760625	0.90411198600175	|	0.0002	0.495666934691325	0.503174315254852	0.970778652668416	|	0.0001	0.500133226751932	0.503892617449664	0.985301837270341	|	
Rakesh Kumar	1.1	0	NaN	0	|	0.02	1	1	1	|	0.01	1	1	1	|	0.005	1	1	1	|	0.002	1	1	1	|	0.001	1	1	1	|	0.0005	1	1	1	|	0.0002	1	1	1	|	0.0001	0.644444444444444	0.644444444444444	1	|	
Michael Wagner	1.1	0	NaN	0	|	0.02	0.640243902439024	1	0.640243902439024	|	0.01	0.640243902439024	1	0.640243902439024	|	0.005	0.61046511627907	0.929203539823009	0.640243902439024	|	0.002	0.953488372093023	0.953488372093023	1	|	0.001	0.953488372093023	0.953488372093023	1	|	0.0005	0.725663716814159	0.725663716814159	1	|	0.0002	0.465909090909091	0.465909090909091	1	|	0.0001	0.465909090909091	0.465909090909091	1	|	
Bing Liu	1.1	0	NaN	0	|	0.02	0.152166129609739	0.990675990675991	0.152384367156687	|	0.01	0.353719599427754	0.992971887550201	0.354607386159914	|	0.005	0.528662420382166	0.97583278902678	0.535675869487271	|	0.002	0.677537437603993	0.904085257548846	0.730010756543564	|	0.001	0.692261367058115	0.812080536912752	0.824309788454643	|	0.0005	0.711237980769231	0.814521679284239	0.848691287199713	|	0.0002	0.71220633299285	0.71220633299285	1	|	0.0001	0.71220633299285	0.71220633299285	1	|	
Jim Smith	1.1	0	NaN	0	|	0.02	0.75	1	0.75	|	0.01	0.75	1	0.75	|	0.005	0.916666666666667	1	0.916666666666667	|	0.002	0.916666666666667	1	0.916666666666667	|	0.001	1	1	1	|	0.0005	1	1	1	|	0.0002	1	1	1	|	0.0001	0.488372093023256	0.488372093023256	1	|	
Lei Wang	1.1	0	NaN	0	|	0.02	0.484848484848485	0.932038834951456	0.50261780104712	|	0.01	0.432773109243698	0.686666666666667	0.539267015706806	|	0.005	0.569169960474308	0.699029126213592	0.753926701570681	|	0.002	0.488135593220339	0.580645161290323	0.753926701570681	|	0.001	0.347504621072089	0.349442379182156	0.984293193717278	|	0.0005	0.275613275613276	0.275613275613276	1	|	0.0002	0.175390266299357	0.175390266299357	1	|	0.0001	0.1614539306847	0.1614539306847	1	|	
Wei Wang	1.1	0	NaN	0	|	0.02	0.435127242386316	0.896048109965636	0.458260105448155	|	0.01	0.494463535700649	0.790598290598291	0.568980667838313	|	0.005	0.488335925349922	0.543566070398154	0.827768014059754	|	0.002	0.332297677171179	0.333779164809036	0.986818980667838	|	0.001	0.332297677171179	0.333779164809036	0.986818980667838	|	0.0005	0.332101138547982	0.333580870340116	0.986818980667838	|	0.0002	0.230597771023303	0.230597771023303	1	|	0.0001	0.230597771023303	0.230597771023303	1	|	
Bin Yu	1.1	0	NaN	0	|	0.02	0.574468085106383	1	0.574468085106383	|	0.01	0.625531914893617	1	0.625531914893617	|	0.005	0.685106382978723	1	0.685106382978723	|	0.002	0.914893617021277	1	0.914893617021277	|	0.001	0.632352941176471	0.671875	0.914893617021277	|	0.0005	0.632352941176471	0.671875	0.914893617021277	|	0.0002	0.478841870824053	0.501165501165501	0.914893617021277	|	0.0001	0.253303964757709	0.254706533776301	0.978723404255319	|	
Average accuracy/precision/recall
1.1	0	NaN	0
0.02	0.588023060224007	0.980008477467354	0.59216222534742
0.01	0.651058777351364	0.946227603648693	0.669312993672543
0.005	0.717856254125232	0.913463458356551	0.774221554577002
0.002	0.760810844100738	0.843342915402502	0.89143660783695
0.001	0.74078735489171	0.778285392338456	0.945272364092237
0.0005	0.700413856242332	0.725059443572151	0.95855503536492
0.0002	0.536650427089367	0.540114169034337	0.981670675244831
0.0001	0.426431285874097	0.427428122700202	0.989505972428428
