1.1	0.02	0.01	0.005	0.002	0.001	0.0005	0.0002	0.0001	
Hui Fang	1.1	0	NaN	0	|	0.02	1	1	1	|	0.01	1	1	1	|	0.005	1	1	1	|	0.002	1	1	1	|	0.001	1	1	1	|	0.0005	1	1	1	|	0.0002	0.555555555555556	0.555555555555556	1	|	0.0001	0.555555555555556	0.555555555555556	1	|	
Ajay Gupta	1.1	0	NaN	0	|	0.02	0.724137931034483	1	0.724137931034483	|	0.01	0.931034482758621	1	0.931034482758621	|	0.005	0.931034482758621	1	0.931034482758621	|	0.002	0.658536585365854	0.692307692307692	0.931034482758621	|	0.001	0.658536585365854	0.692307692307692	0.931034482758621	|	0.0005	0.473684210526316	0.490909090909091	0.931034482758621	|	0.0002	0.473684210526316	0.490909090909091	0.931034482758621	|	0.0001	0.252336448598131	0.257142857142857	0.931034482758621	|	
Joseph Hellerstein	1.1	0	NaN	0	|	0.02	0.129364525139665	0.982758620689655	0.129658792650919	|	0.01	0.28072625698324	0.991980259099321	0.281364829396325	|	0.005	0.447112038970077	0.987322320399539	0.449693788276465	|	0.002	0.783381774662335	0.971586089906701	0.80174978127734	|	0.001	0.838506139154161	0.970588235294118	0.860367454068241	|	0.0005	0.853485298975884	0.938430802760625	0.90411198600175	|	0.0002	0.495666934691325	0.503174315254852	0.970778652668416	|	0.0001	0.500133226751932	0.503892617449664	0.985301837270341	|	
Rakesh Kumar	1.1	0	NaN	0	|	0.02	1	1	1	|	0.01	1	1	1	|	0.005	1	1	1	|	0.002	1	1	1	|	0.001	1	1	1	|	0.0005	1	1	1	|	0.0002	1	1	1	|	0.0001	0.644444444444444	0.644444444444444	1	|	
Michael Wagner	1.1	0	NaN	0	|	0.02	0.640243902439024	1	0.640243902439024	|	0.01	0.640243902439024	1	0.640243902439024	|	0.005	0.61046511627907	0.929203539823009	0.640243902439024	|	0.002	0.953488372093023	0.953488372093023	1	|	0.001	0.953488372093023	0.953488372093023	1	|	0.0005	0.725663716814159	0.725663716814159	1	|	0.0002	0.465909090909091	0.465909090909091	1	|	0.0001	0.465909090909091	0.465909090909091	1	|	
Bing Liu	1.1	0	NaN	0	|	0.02	0.182144137683758	1	0.182144137683758	|	0.01	0.368590892793116	1	0.368590892793116	|	0.005	0.629297994269341	0.998295454545455	0.629974901398351	|	0.002	0.793876824492702	0.991111111111111	0.79956973825744	|	0.001	0.835335689045936	0.982952182952183	0.847615632843313	|	0.0005	0.731069711538462	0.81864064602961	0.872355683040516	|	0.0002	0.71220633299285	0.71220633299285	1	|	0.0001	0.71220633299285	0.71220633299285	1	|	
Jim Smith	1.1	0	NaN	0	|	0.02	0.75	1	0.75	|	0.01	0.75	1	0.75	|	0.005	0.916666666666667	1	0.916666666666667	|	0.002	0.916666666666667	1	0.916666666666667	|	0.001	1	1	1	|	0.0005	1	1	1	|	0.0002	1	1	1	|	0.0001	0.488372093023256	0.488372093023256	1	|	
Lei Wang	1.1	0	NaN	0	|	0.02	0.535353535353535	0.938053097345133	0.554973821989529	|	0.01	0.466942148760331	0.689024390243902	0.591623036649215	|	0.005	0.537313432835821	0.65158371040724	0.753926701570681	|	0.002	0.501742160278746	0.6	0.753926701570681	|	0.001	0.347504621072089	0.349442379182156	0.984293193717278	|	0.0005	0.275613275613276	0.275613275613276	1	|	0.0002	0.175390266299357	0.175390266299357	1	|	0.0001	0.1614539306847	0.1614539306847	1	|	
Wei Wang	1.1	0	NaN	0	|	0.02	0.441918147995039	0.882013201320132	0.469683655536028	|	0.01	0.52015065913371	0.784659090909091	0.60676625659051	|	0.005	0.487785657998424	0.548110979929162	0.815905096660808	|	0.002	0.332297677171179	0.333779164809036	0.986818980667838	|	0.001	0.332297677171179	0.333779164809036	0.986818980667838	|	0.0005	0.332101138547982	0.333580870340116	0.986818980667838	|	0.0002	0.230597771023303	0.230597771023303	1	|	0.0001	0.230597771023303	0.230597771023303	1	|	
Bin Yu	1.1	0	NaN	0	|	0.02	0.574468085106383	1	0.574468085106383	|	0.01	0.685106382978723	1	0.685106382978723	|	0.005	0.685106382978723	1	0.685106382978723	|	0.002	0.914893617021277	1	0.914893617021277	|	0.001	0.632352941176471	0.671875	0.914893617021277	|	0.0005	0.632352941176471	0.671875	0.914893617021277	|	0.0002	0.478841870824053	0.501165501165501	0.914893617021277	|	0.0001	0.253303964757709	0.254706533776301	0.978723404255319	|	
Average accuracy/precision/recall
1.1	0	NaN	0
0.02	0.597763026475189	0.980282491935492	0.602531032644012
0.01	0.664279472584676	0.946566374025232	0.685472978360553
0.005	0.724478177275674	0.91145160051044	0.782255192274934
0.002	0.785488367775178	0.854227243022756	0.910465996821986
0.001	0.759802202507871	0.795443302663821	0.952502336107657
0.0005	0.702397029319255	0.725471340246688	0.960921474949
0.0002	0.558785203282185	0.56349079241096	0.981670675244831
0.0001	0.426431285874097	0.427428122700202	0.989505972428428
