1.1	0.02	0.01	0.005	0.002	0.001	0.0005	0.0002	0.0001	
Hui Fang	1.1	0	NaN	0	|	0.02	1	1	1	|	0.01	1	1	1	|	0.005	1	1	1	|	0.002	1	1	1	|	0.001	1	1	1	|	0.0005	1	1	1	|	0.0002	0.555555555555556	0.555555555555556	1	|	0.0001	0.555555555555556	0.555555555555556	1	|	
Ajay Gupta	1.1	0	NaN	0	|	0.02	0.724137931034483	1	0.724137931034483	|	0.01	0.931034482758621	1	0.931034482758621	|	0.005	0.931034482758621	1	0.931034482758621	|	0.002	0.658536585365854	0.692307692307692	0.931034482758621	|	0.001	0.658536585365854	0.692307692307692	0.931034482758621	|	0.0005	0.473684210526316	0.490909090909091	0.931034482758621	|	0.0002	0.252336448598131	0.257142857142857	0.931034482758621	|	0.0001	0.252336448598131	0.257142857142857	0.931034482758621	|	
Joseph Hellerstein	1.1	0	NaN	0	|	0.02	0.106408916753744	0.957680250783699	0.106911636045494	|	0.01	0.254278305963699	0.954574951330305	0.257392825896763	|	0.005	0.412068965517241	0.965656565656566	0.418197725284339	|	0.002	0.526162790697674	0.958566978193146	0.53840769903762	|	0.001	0.78025693035835	0.958272783890388	0.807699037620297	|	0.0005	0.832461588754495	0.926673944687045	0.891163604549431	|	0.0002	0.495666934691325	0.503174315254852	0.970778652668416	|	0.0001	0.500133226751932	0.503892617449664	0.985301837270341	|	
Rakesh Kumar	1.1	0	NaN	0	|	0.02	1	1	1	|	0.01	1	1	1	|	0.005	1	1	1	|	0.002	1	1	1	|	0.001	1	1	1	|	0.0005	1	1	1	|	0.0002	0.644444444444444	0.644444444444444	1	|	0.0001	0.644444444444444	0.644444444444444	1	|	
Michael Wagner	1.1	0	NaN	0	|	0.02	0.640243902439024	1	0.640243902439024	|	0.01	0.640243902439024	1	0.640243902439024	|	0.005	0.61046511627907	0.929203539823009	0.640243902439024	|	0.002	0.953488372093023	0.953488372093023	1	|	0.001	0.725663716814159	0.725663716814159	1	|	0.0005	0.725663716814159	0.725663716814159	1	|	0.0002	0.465909090909091	0.465909090909091	1	|	0.0001	0.465909090909091	0.465909090909091	1	|	
Bing Liu	1.1	0	NaN	0	|	0.02	0.161833154314357	0.991228070175439	0.162065256364288	|	0.01	0.232731137088204	0.950795947901592	0.235568304051631	|	0.005	0.490967056323061	0.976056338028169	0.496952312656866	|	0.002	0.698735019973369	0.907087294727744	0.752599498027967	|	0.001	0.692261367058115	0.812080536912752	0.824309788454643	|	0.0005	0.711237980769231	0.814521679284239	0.848691287199713	|	0.0002	0.679783950617284	0.706306787814003	0.947651487988526	|	0.0001	0.71220633299285	0.71220633299285	1	|	
Jim Smith	1.1	0	NaN	0	|	0.02	0.75	1	0.75	|	0.01	0.845238095238095	1	0.845238095238095	|	0.005	0.845238095238095	1	0.845238095238095	|	0.002	0.916666666666667	1	0.916666666666667	|	0.001	1	1	1	|	0.0005	1	1	1	|	0.0002	1	1	1	|	0.0001	0.488372093023256	0.488372093023256	1	|	
Lei Wang	1.1	0	NaN	0	|	0.02	0.448453608247423	0.966666666666667	0.455497382198953	|	0.01	0.52020202020202	0.936363636363636	0.539267015706806	|	0.005	0.507518796992481	0.642857142857143	0.706806282722513	|	0.002	0.457912457912458	0.56198347107438	0.712041884816754	|	0.001	0.347504621072089	0.349442379182156	0.984293193717278	|	0.0005	0.275613275613276	0.275613275613276	1	|	0.0002	0.175390266299357	0.175390266299357	1	|	0.0001	0.1614539306847	0.1614539306847	1	|	
Wei Wang	1.1	0	NaN	0	|	0.02	0.420767306088407	0.892130857648099	0.443321616871705	|	0.01	0.496517027863777	0.806411062225016	0.563708260105448	|	0.005	0.484709066305819	0.557943925233645	0.786906854130053	|	0.002	0.321270204548705	0.322654790978308	0.986818980667838	|	0.001	0.321270204548705	0.322654790978308	0.986818980667838	|	0.0005	0.320445141960337	0.32182261068921	0.986818980667838	|	0.0002	0.230597771023303	0.230597771023303	1	|	0.0001	0.230597771023303	0.230597771023303	1	|	
Bin Yu	1.1	0	NaN	0	|	0.02	0.582978723404255	1	0.582978723404255	|	0.01	0.634042553191489	1	0.634042553191489	|	0.005	0.702127659574468	1	0.702127659574468	|	0.002	0.914893617021277	1	0.914893617021277	|	0.001	0.914893617021277	1	0.914893617021277	|	0.0005	0.632352941176471	0.671875	0.914893617021277	|	0.0002	0.502183406113537	0.507726269315673	0.978723404255319	|	0.0001	0.253303964757709	0.254706533776301	0.978723404255319	|	
Average accuracy/precision/recall
1.1	0	NaN	0
0.02	0.583482354228169	0.98077058452739	0.58651564483582
0.01	0.655428752474493	0.964814559782055	0.664649543938788
0.005	0.698412923898885	0.907171751159853	0.752750731480398
0.002	0.744766571427903	0.83960885993743	0.875246282899674
0.001	0.744038704223855	0.786042190008545	0.944904910023995
0.0005	0.697145885561428	0.722707931799702	0.957260197219688
0.0002	0.500186786825203	0.504624735775914	0.982818802767088
0.0001	0.426431285874097	0.427428122700202	0.989505972428428
