1.1	0.02	0.01	0.005	0.002	0.001	0.0005	0.0002	0.0001	
Hui Fang	1.1	0	NaN	0	|	0.02	1	1	1	|	0.01	1	1	1	|	0.005	1	1	1	|	0.002	1	1	1	|	0.001	1	1	1	|	0.0005	1	1	1	|	0.0002	0.555555555555556	0.555555555555556	1	|	0.0001	0.555555555555556	0.555555555555556	1	|	
Ajay Gupta	1.1	0	NaN	0	|	0.02	0.724137931034483	1	0.724137931034483	|	0.01	0.931034482758621	1	0.931034482758621	|	0.005	0.931034482758621	1	0.931034482758621	|	0.002	0.658536585365854	0.692307692307692	0.931034482758621	|	0.001	0.658536585365854	0.692307692307692	0.931034482758621	|	0.0005	0.473684210526316	0.490909090909091	0.931034482758621	|	0.0002	0.252336448598131	0.257142857142857	0.931034482758621	|	0.0001	0.252336448598131	0.257142857142857	0.931034482758621	|	
Joseph Hellerstein	1.1	0	NaN	0	|	0.02	0.196341463414634	0.978298611111111	0.197200349956255	|	0.01	0.301045296167247	0.985738733599544	0.302362204724409	|	0.005	0.437425098442048	0.953002610966057	0.447069116360455	|	0.002	0.781445742339597	0.960066555740433	0.807699037620297	|	0.001	0.827033412082349	0.958724569640063	0.857567804024497	|	0.0005	0.832461588754495	0.926673944687045	0.891163604549431	|	0.0002	0.495666934691325	0.503174315254852	0.970778652668416	|	0.0001	0.500133226751932	0.503892617449664	0.985301837270341	|	
Rakesh Kumar	1.1	0	NaN	0	|	0.02	1	1	1	|	0.01	1	1	1	|	0.005	1	1	1	|	0.002	1	1	1	|	0.001	1	1	1	|	0.0005	1	1	1	|	0.0002	1	1	1	|	0.0001	0.644444444444444	0.644444444444444	1	|	
Michael Wagner	1.1	0	NaN	0	|	0.02	0.640243902439024	1	0.640243902439024	|	0.01	0.640243902439024	1	0.640243902439024	|	0.005	0.61046511627907	0.929203539823009	0.640243902439024	|	0.002	0.953488372093023	0.953488372093023	1	|	0.001	0.725663716814159	0.725663716814159	1	|	0.0005	0.725663716814159	0.725663716814159	1	|	0.0002	0.465909090909091	0.465909090909091	1	|	0.0001	0.465909090909091	0.465909090909091	1	|	
Bing Liu	1.1	0	NaN	0	|	0.02	0.188686000716076	0.992467043314501	0.188956615274292	|	0.01	0.36516452074392	0.993190661478599	0.366081032628182	|	0.005	0.584484590860786	0.979809976247031	0.591609896020079	|	0.002	0.719030222517436	0.906996229576875	0.77626389386877	|	0.001	0.731069711538462	0.81864064602961	0.872355683040516	|	0.0005	0.731069711538462	0.81864064602961	0.872355683040516	|	0.0002	0.71220633299285	0.71220633299285	1	|	0.0001	0.71220633299285	0.71220633299285	1	|	
Jim Smith	1.1	0	NaN	0	|	0.02	0.75	1	0.75	|	0.01	0.75	1	0.75	|	0.005	0.916666666666667	1	0.916666666666667	|	0.002	0.916666666666667	1	0.916666666666667	|	0.001	1	1	1	|	0.0005	1	1	1	|	0.0002	1	1	1	|	0.0001	0.488372093023256	0.488372093023256	1	|	
Lei Wang	1.1	0	NaN	0	|	0.02	0.479591836734694	0.94949494949495	0.492146596858639	|	0.01	0.466942148760331	0.689024390243902	0.591623036649215	|	0.005	0.501742160278746	0.6	0.753926701570681	|	0.002	0.488135593220339	0.580645161290323	0.753926701570681	|	0.001	0.347504621072089	0.349442379182156	0.984293193717278	|	0.0005	0.275613275613276	0.275613275613276	1	|	0.0002	0.175390266299357	0.175390266299357	1	|	0.0001	0.1614539306847	0.1614539306847	1	|	
Wei Wang	1.1	0	NaN	0	|	0.02	0.451965950547223	0.85375191424196	0.489894551845343	|	0.01	0.519063797659494	0.786613272311213	0.604130052724077	|	0.005	0.487785657998424	0.548110979929162	0.815905096660808	|	0.002	0.332297677171179	0.333779164809036	0.986818980667838	|	0.001	0.332297677171179	0.333779164809036	0.986818980667838	|	0.0005	0.332101138547982	0.333580870340116	0.986818980667838	|	0.0002	0.230597771023303	0.230597771023303	1	|	0.0001	0.230597771023303	0.230597771023303	1	|	
Bin Yu	1.1	0	NaN	0	|	0.02	0.625531914893617	1	0.625531914893617	|	0.01	0.685106382978723	1	0.685106382978723	|	0.005	0.685106382978723	1	0.685106382978723	|	0.002	0.632352941176471	0.671875	0.914893617021277	|	0.001	0.632352941176471	0.671875	0.914893617021277	|	0.0005	0.632352941176471	0.671875	0.914893617021277	|	0.0002	0.478841870824053	0.501165501165501	0.914893617021277	|	0.0001	0.253303964757709	0.254706533776301	0.978723404255319	|	
Average accuracy/precision/recall
1.1	0	NaN	0
0.02	0.605649899977975	0.977401251816252	0.610811186230165
0.01	0.665860053150736	0.945456705763326	0.687058109490225
0.005	0.715471015626309	0.901012710696526	0.778156224545506
0.002	0.748195380055056	0.809915817581738	0.908730338017415
0.001	0.725445866522056	0.755043316878272	0.954696376123003
0.0005	0.700294658297116	0.72429565443933	0.959626636803768
0.0002	0.536650427089367	0.540114169034337	0.981670675244831
0.0001	0.426431285874097	0.427428122700202	0.989505972428428
