1.1	0.02	0.01	0.005	0.002	0.001	0.0005	0.0002	0.0001	
Hui Fang	1.1	0	NaN	0	|	0.02	1	1	1	|	0.01	1	1	1	|	0.005	1	1	1	|	0.002	1	1	1	|	0.001	1	1	1	|	0.0005	1	1	1	|	0.0002	0.555555555555556	0.555555555555556	1	|	0.0001	0.555555555555556	0.555555555555556	1	|	
Ajay Gupta	1.1	0	NaN	0	|	0.02	0.724137931034483	1	0.724137931034483	|	0.01	0.931034482758621	1	0.931034482758621	|	0.005	0.931034482758621	1	0.931034482758621	|	0.002	0.658536585365854	0.692307692307692	0.931034482758621	|	0.001	0.658536585365854	0.692307692307692	0.931034482758621	|	0.0005	0.473684210526316	0.490909090909091	0.931034482758621	|	0.0002	0.473684210526316	0.490909090909091	0.931034482758621	|	0.0001	0.252336448598131	0.257142857142857	0.931034482758621	|	
Joseph Hellerstein	1.1	0	NaN	0	|	0.02	0.204470054129562	0.989856297548605	0.204899387576553	|	0.01	0.291978423525318	0.981286549707602	0.293613298337708	|	0.005	0.540107882373412	0.989795918367347	0.543132108486439	|	0.002	0.899273104880582	0.988020536223617	0.909186351706037	|	0.001	0.899273104880582	0.988020536223617	0.909186351706037	|	0.0005	0.93149974052932	0.987892129884425	0.942257217847769	|	0.0002	0.500133226751932	0.503892617449664	0.985301837270341	|	0.0001	0.500133226751932	0.503892617449664	0.985301837270341	|	
Rakesh Kumar	1.1	0	NaN	0	|	0.02	1	1	1	|	0.01	1	1	1	|	0.005	1	1	1	|	0.002	1	1	1	|	0.001	1	1	1	|	0.0005	1	1	1	|	0.0002	1	1	1	|	0.0001	0.644444444444444	0.644444444444444	1	|	
Michael Wagner	1.1	0	NaN	0	|	0.02	0.640243902439024	1	0.640243902439024	|	0.01	0.640243902439024	1	0.640243902439024	|	0.005	0.61046511627907	0.929203539823009	0.640243902439024	|	0.002	0.953488372093023	0.953488372093023	1	|	0.001	0.953488372093023	0.953488372093023	1	|	0.0005	0.725663716814159	0.725663716814159	1	|	0.0002	0.465909090909091	0.465909090909091	1	|	0.0001	0.465909090909091	0.465909090909091	1	|	
Bing Liu	1.1	0	NaN	0	|	0.02	0.193617784152026	1	0.193617784152026	|	0.01	0.36085409252669	0.979710144927536	0.363571172463248	|	0.005	0.689251507626818	0.984794728839331	0.69666547149516	|	0.002	0.827928524156188	0.914808043875686	0.89709573323772	|	0.001	0.827928524156188	0.914808043875686	0.89709573323772	|	0.0005	0.769898264512268	0.823096609085093	0.92255288633919	|	0.0002	0.71220633299285	0.71220633299285	1	|	0.0001	0.71220633299285	0.71220633299285	1	|	
Jim Smith	1.1	0	NaN	0	|	0.02	0.75	1	0.75	|	0.01	0.797619047619048	1	0.797619047619048	|	0.005	0.916666666666667	1	0.916666666666667	|	0.002	0.916666666666667	1	0.916666666666667	|	0.001	1	1	1	|	0.0005	1	1	1	|	0.0002	1	1	1	|	0.0001	0.488372093023256	0.488372093023256	1	|	
Lei Wang	1.1	0	NaN	0	|	0.02	0.398305084745763	0.676258992805755	0.492146596858639	|	0.01	0.5	0.703488372093023	0.633507853403141	|	0.005	0.537313432835821	0.65158371040724	0.753926701570681	|	0.002	0.340425531914894	0.382978723404255	0.753926701570681	|	0.001	0.347504621072089	0.349442379182156	0.984293193717278	|	0.0005	0.275613275613276	0.275613275613276	1	|	0.0002	0.175390266299357	0.175390266299357	1	|	0.0001	0.1614539306847	0.1614539306847	1	|	
Wei Wang	1.1	0	NaN	0	|	0.02	0.418313836224284	0.836290322580645	0.455623901581722	|	0.01	0.46745336886182	0.777707409753008	0.539543057996485	|	0.005	0.513565426170468	0.53103277060576	0.939806678383128	|	0.002	0.332297677171179	0.333779164809036	0.986818980667838	|	0.001	0.332297677171179	0.333779164809036	0.986818980667838	|	0.0005	0.332297677171179	0.333779164809036	0.986818980667838	|	0.0002	0.230597771023303	0.230597771023303	1	|	0.0001	0.230597771023303	0.230597771023303	1	|	
Bin Yu	1.1	0	NaN	0	|	0.02	0.625531914893617	1	0.625531914893617	|	0.01	0.685106382978723	1	0.685106382978723	|	0.005	0.540268456375839	0.71875	0.685106382978723	|	0.002	0.540268456375839	0.71875	0.685106382978723	|	0.001	0.632352941176471	0.671875	0.914893617021277	|	0.0005	0.632352941176471	0.671875	0.914893617021277	|	0.0002	0.478841870824053	0.501165501165501	0.914893617021277	|	0.0001	0.253303964757709	0.254706533776301	0.978723404255319	|	
Average accuracy/precision/recall
1.1	0	NaN	0
0.02	0.595462050761876	0.950240561293501	0.608620141853606
0.01	0.667428970070924	0.944219247648117	0.6884239197996
0.005	0.727867297108671	0.880516066804269	0.810658239477844
0.002	0.746888491862422	0.798413253271331	0.907983529958629
0.001	0.765138182591538	0.790372118849121	0.962332235910877
0.0005	0.714100982634299	0.730882898711508	0.969755718463469
0.0002	0.559231832488246	0.563562622630441	0.983122993705024
0.0001	0.426431285874097	0.427428122700202	0.989505972428428
