1.1	0.02	0.01	0.005	0.002	0.001	0.0005	
Hui Fang	1.1	0	NaN	0	|	0.02	1	1	1	|	0.01	1	1	1	|	0.005	1	1	1	|	0.002	1	1	1	|	0.001	1	1	1	|	0.0005	1	1	1	|	
Ajay Gupta	1.1	0	NaN	0	|	0.02	0.758620689655172	1	0.758620689655172	|	0.01	0.931034482758621	1	0.931034482758621	|	0.005	0.931034482758621	1	0.931034482758621	|	0.002	0.658536585365854	0.692307692307692	0.931034482758621	|	0.001	0.473684210526316	0.490909090909091	0.931034482758621	|	0.0005	0.473684210526316	0.490909090909091	0.931034482758621	|	
Rakesh Kumar	1.1	0	NaN	0	|	0.02	1	1	1	|	0.01	1	1	1	|	0.005	1	1	1	|	0.002	1	1	1	|	0.001	1	1	1	|	0.0005	1	1	1	|	
Bing Liu	1.1	0	NaN	0	|	0.02	0.178302900107411	0.99203187250996	0.178558623162424	|	0.01	0.422600070846617	0.972290138549307	0.427751882395124	|	0.005	0.583776124690046	0.979785969084423	0.590892793115812	|	0.002	0.678636640292149	0.817748441510818	0.79956973825744	|	0.001	0.711237980769231	0.814521679284239	0.848691287199713	|	0.0005	0.679783950617284	0.706306787814003	0.947651487988526	|	
Jim Smith	1.1	0	NaN	0	|	0.02	0.75	1	0.75	|	0.01	0.845238095238095	1	0.845238095238095	|	0.005	0.916666666666667	1	0.916666666666667	|	0.002	0.916666666666667	1	0.916666666666667	|	0.001	1	1	1	|	0.0005	1	1	1	|	
Michael Wagner	1.1	0	NaN	0	|	0.02	0.640243902439024	1	0.640243902439024	|	0.01	0.640243902439024	1	0.640243902439024	|	0.005	0.61046511627907	0.929203539823009	0.640243902439024	|	0.002	0.854651162790698	0.948387096774194	0.896341463414634	|	0.001	0.641921397379913	0.693396226415094	0.896341463414634	|	0.0005	0.641921397379913	0.693396226415094	0.896341463414634	|	
Lei Wang	1.1	0	NaN	0	|	0.02	0.47979797979798	0.931372549019608	0.49738219895288	|	0.01	0.466942148760331	0.689024390243902	0.591623036649215	|	0.005	0.560311284046693	0.685714285714286	0.753926701570681	|	0.002	0.486577181208054	0.575396825396825	0.759162303664921	|	0.001	0.347504621072089	0.349442379182156	0.984293193717278	|	0.0005	0.275613275613276	0.275613275613276	1	|	
Wei Wang	1.1	0	NaN	0	|	0.02	0.484836231298019	0.858882521489971	0.526801405975395	|	0.01	0.562380038387716	0.816610925306578	0.643673110720562	|	0.005	0.485567010309278	0.540137614678899	0.827768014059754	|	0.002	0.332101138547982	0.333580870340116	0.986818980667838	|	0.001	0.331708757938266	0.333184987390595	0.986818980667838	|	0.0005	0.292357096981374	0.292357096981374	1	|	
Bin Yu	1.1	0	NaN	0	|	0.02	0.531914893617021	1	0.531914893617021	|	0.01	0.685106382978723	1	0.685106382978723	|	0.005	0.685106382978723	1	0.685106382978723	|	0.002	0.914893617021277	1	0.914893617021277	|	0.001	0.632352941176471	0.671875	0.914893617021277	|	0.0005	0.478841870824053	0.501165501165501	0.914893617021277	|	
Joseph Hellerstein	1.1	0	NaN	0	|	0.02	0.130935754189944	0.982961992136304	0.131233595800525	|	0.01	0.260998603351955	0.991379310344828	0.26159230096238	|	0.005	0.464371772805508	0.965986394557823	0.472090988626422	|	0.002	0.783381774662335	0.971586089906701	0.80174978127734	|	0.001	0.838506139154161	0.970588235294118	0.860367454068241	|	0.0005	0.853485298975884	0.938430802760625	0.90411198600175	|	
Average accuracy/precision/recall
1.1	0	NaN	0
0.02	0.595465235110457	0.976524893515584	0.601475530960244
0.01	0.681454372476108	0.946930476444461	0.702626319414174
0.005	0.723729884053461	0.910082780385844	0.78177299322157
0.002	0.762544476655502	0.833900701623635	0.900623703372874
0.001	0.697691604801644	0.732391759847529	0.94224404788476
0.0005	0.66956871009181	0.689817878165896	0.959403303718481
