1.1	0.02	0.01	0.005	0.002	0.001	0.0005	
Hui Fang	1.1	0	NaN	0	|	0.02	1	1	1	|	0.01	1	1	1	|	0.005	1	1	1	|	0.002	1	1	1	|	0.001	1	1	1	|	0.0005	1	1	1	|	
Ajay Gupta	1.1	0	NaN	0	|	0.02	0.758620689655172	1	0.758620689655172	|	0.01	0.931034482758621	1	0.931034482758621	|	0.005	0.931034482758621	1	0.931034482758621	|	0.002	0.658536585365854	0.692307692307692	0.931034482758621	|	0.001	0.473684210526316	0.490909090909091	0.931034482758621	|	0.0005	0.473684210526316	0.490909090909091	0.931034482758621	|	
Rakesh Kumar	1.1	0	NaN	0	|	0.02	1	1	1	|	0.01	1	1	1	|	0.005	1	1	1	|	0.002	1	1	1	|	0.001	1	1	1	|	0.0005	1	1	1	|	
Bing Liu	1.1	0	NaN	0	|	0.02	0.177586824203366	0.992	0.177841520258157	|	0.01	0.320935175345377	0.963829787234043	0.324847615632843	|	0.005	0.519223985890653	0.96969696969697	0.527787737540337	|	0.002	0.678636640292149	0.817748441510818	0.79956973825744	|	0.001	0.717272727272727	0.822446143154969	0.848691287199713	|	0.0005	0.794170673076923	0.830609679446889	0.947651487988526	|	
Jim Smith	1.1	0	NaN	0	|	0.02	0.75	1	0.75	|	0.01	0.845238095238095	1	0.845238095238095	|	0.005	0.916666666666667	1	0.916666666666667	|	0.002	0.916666666666667	1	0.916666666666667	|	0.001	1	1	1	|	0.0005	1	1	1	|	
Michael Wagner	1.1	0	NaN	0	|	0.02	0.640243902439024	1	0.640243902439024	|	0.01	0.640243902439024	1	0.640243902439024	|	0.005	0.61046511627907	0.929203539823009	0.640243902439024	|	0.002	0.854651162790698	0.948387096774194	0.896341463414634	|	0.001	0.641921397379913	0.693396226415094	0.896341463414634	|	0.0005	0.641921397379913	0.693396226415094	0.896341463414634	|	
Lei Wang	1.1	0	NaN	0	|	0.02	0.47979797979798	0.931372549019608	0.49738219895288	|	0.01	0.5	0.703488372093023	0.633507853403141	|	0.005	0.560311284046693	0.685714285714286	0.753926701570681	|	0.002	0.486577181208054	0.575396825396825	0.759162303664921	|	0.001	0.347504621072089	0.349442379182156	0.984293193717278	|	0.0005	0.275613275613276	0.275613275613276	1	|	
Wei Wang	1.1	0	NaN	0	|	0.02	0.484836231298019	0.858882521489971	0.526801405975395	|	0.01	0.562380038387716	0.816610925306578	0.643673110720562	|	0.005	0.486068111455108	0.540757749712974	0.827768014059754	|	0.002	0.332101138547982	0.333580870340116	0.986818980667838	|	0.001	0.331708757938266	0.333184987390595	0.986818980667838	|	0.0005	0.292357096981374	0.292357096981374	1	|	
Bin Yu	1.1	0	NaN	0	|	0.02	0.531914893617021	1	0.531914893617021	|	0.01	0.685106382978723	1	0.685106382978723	|	0.005	0.685106382978723	1	0.685106382978723	|	0.002	0.914893617021277	1	0.914893617021277	|	0.001	0.632352941176471	0.671875	0.914893617021277	|	0.0005	0.632352941176471	0.671875	0.914893617021277	|	
Joseph Hellerstein	1.1	0	NaN	0	|	0.02	0.145775139664804	0.984669811320755	0.146106736657918	|	0.01	0.263442737430168	0.991458607095926	0.264041994750656	|	0.005	0.484514796971783	0.966700995537247	0.492738407699038	|	0.002	0.783381774662335	0.971586089906701	0.80174978127734	|	0.001	0.838506139154161	0.970588235294118	0.860367454068241	|	0.0005	0.853485298975884	0.938430802760625	0.90411198600175	|	
Average accuracy/precision/recall
1.1	0	NaN	0
0.02	0.596877566067539	0.976692488183033	0.602891134755557
0.01	0.674838081457773	0.947538769172957	0.696769343792167
0.005	0.719339082704732	0.909207354048448	0.777527229571285
0.002	0.762544476655502	0.833900701623635	0.900623703372874
0.001	0.698295079451994	0.733184206234602	0.94224404788476
0.0005	0.696358489373016	0.719319117212635	0.959403303718481
