1.1	0.02	0.01	0.005	0.002	0.001	0.0005	
Hui Fang	1.1	0	NaN	0	|	0.02	1	1	1	|	0.01	1	1	1	|	0.005	1	1	1	|	0.002	1	1	1	|	0.001	1	1	1	|	0.0005	1	1	1	|	
Ajay Gupta	1.1	0	NaN	0	|	0.02	0.758620689655172	1	0.758620689655172	|	0.01	0.931034482758621	1	0.931034482758621	|	0.005	0.931034482758621	1	0.931034482758621	|	0.002	0.658536585365854	0.692307692307692	0.931034482758621	|	0.001	0.473684210526316	0.490909090909091	0.931034482758621	|	0.0005	0.473684210526316	0.490909090909091	0.931034482758621	|	
Rakesh Kumar	1.1	0	NaN	0	|	0.02	1	1	1	|	0.01	1	1	1	|	0.005	1	1	1	|	0.002	1	1	1	|	0.001	1	1	1	|	0.0005	1	1	1	|	
Bing Liu	1.1	0	NaN	0	|	0.02	0.177228786251343	0.991983967935872	0.177482968806024	|	0.01	0.407013815090329	0.971259509721048	0.411975618501255	|	0.005	0.583776124690046	0.979785969084423	0.590892793115812	|	0.002	0.678636640292149	0.817748441510818	0.79956973825744	|	0.001	0.711237980769231	0.814521679284239	0.848691287199713	|	0.0005	0.679783950617284	0.706306787814003	0.947651487988526	|	
Jim Smith	1.1	0	NaN	0	|	0.02	0.75	1	0.75	|	0.01	0.845238095238095	1	0.845238095238095	|	0.005	0.916666666666667	1	0.916666666666667	|	0.002	0.916666666666667	1	0.916666666666667	|	0.001	1	1	1	|	0.0005	1	1	1	|	
Michael Wagner	1.1	0	NaN	0	|	0.02	0.640243902439024	1	0.640243902439024	|	0.01	0.640243902439024	1	0.640243902439024	|	0.005	0.61046511627907	0.929203539823009	0.640243902439024	|	0.002	0.825842696629214	0.91304347826087	0.896341463414634	|	0.001	0.641921397379913	0.693396226415094	0.896341463414634	|	0.0005	0.641921397379913	0.693396226415094	0.896341463414634	|	
Lei Wang	1.1	0	NaN	0	|	0.02	0.52020202020202	0.936363636363636	0.539267015706806	|	0.01	0.464435146443515	0.69811320754717	0.581151832460733	|	0.005	0.51056338028169	0.609243697478992	0.759162303664921	|	0.002	0.478688524590164	0.561538461538462	0.764397905759162	|	0.001	0.359922178988327	0.364173228346457	0.968586387434555	|	0.0005	0.284417549167927	0.285714285714286	0.984293193717278	|	
Wei Wang	1.1	0	NaN	0	|	0.02	0.454470198675497	0.886914378029079	0.482425307557118	|	0.01	0.568181818181818	0.804721030042919	0.659050966608084	|	0.005	0.485567010309278	0.540137614678899	0.827768014059754	|	0.002	0.332101138547982	0.333580870340116	0.986818980667838	|	0.001	0.331708757938266	0.333184987390595	0.986818980667838	|	0.0005	0.292357096981374	0.292357096981374	1	|	
Bin Yu	1.1	0	NaN	0	|	0.02	0.514893617021277	1	0.514893617021277	|	0.01	0.685106382978723	1	0.685106382978723	|	0.005	0.685106382978723	1	0.685106382978723	|	0.002	0.914893617021277	1	0.914893617021277	|	0.001	0.632352941176471	0.671875	0.914893617021277	|	0.0005	0.478841870824053	0.501165501165501	0.914893617021277	|	
Joseph Hellerstein	1.1	0	NaN	0	|	0.02	0.123846019857168	0.96472184531886	0.124409448818898	|	0.01	0.257997579111188	0.956410256410256	0.261067366579178	|	0.005	0.411379310344828	0.965600971266694	0.417497812773403	|	0.002	0.772226926333616	0.96	0.797900262467192	|	0.001	0.78025693035835	0.958272783890388	0.807699037620297	|	0.0005	0.832461588754495	0.926673944687045	0.891163604549431	|	
Average accuracy/precision/recall
1.1	0	NaN	0
0.02	0.59395052341015	0.977998382764745	0.598734295000432
0.01	0.679925122224131	0.943050400372139	0.701486864756371
0.005	0.713455847430892	0.902397179233202	0.776837235845693
0.002	0.757759279544692	0.827821894395796	0.900762311701283
0.001	0.693108439713687	0.732633299623586	0.935406525611693
0.0005	0.668346766425136	0.68965229336864	0.956537784944977
