1.1	0.02	0.01	0.005	0.002	0.001	0.0005	
Hui Fang	1.1	0	NaN	0	|	0.02	1	1	1	|	0.01	1	1	1	|	0.005	1	1	1	|	0.002	0.277777777777778	0.277777777777778	1	|	0.001	0.277777777777778	0.277777777777778	1	|	0.0005	0.277777777777778	0.277777777777778	1	|	
Ajay Gupta	1.1	0	NaN	0	|	0.02	0.758620689655172	1	0.758620689655172	|	0.01	0.931034482758621	1	0.931034482758621	|	0.005	0.771428571428571	0.818181818181818	0.931034482758621	|	0.002	0.617021276595745	0.617021276595745	1	|	0.001	0.617021276595745	0.617021276595745	1	|	0.0005	0.241666666666667	0.241666666666667	1	|	
Rakesh Kumar	1.1	0	NaN	0	|	0.02	1	1	1	|	0.01	1	1	1	|	0.005	1	1	1	|	0.002	1	1	1	|	0.001	0.644444444444444	0.644444444444444	1	|	0.0005	0.644444444444444	0.644444444444444	1	|	
Bing Liu	1.1	0	NaN	0	|	0.02	0.259949802796701	1	0.259949802796701	|	0.01	0.660263251511917	0.98828541001065	0.665471495159555	|	0.005	0.766583894998226	0.98630762209037	0.774829688060237	|	0.002	0.616388308977035	0.693685756240822	0.846898529939046	|	0.001	0.71220633299285	0.71220633299285	1	|	0.0005	0.71220633299285	0.71220633299285	1	|	
Jim Smith	1.1	0	NaN	0	|	0.02	0.75	1	0.75	|	0.01	0.797619047619048	1	0.797619047619048	|	0.005	0.916666666666667	1	0.916666666666667	|	0.002	0.810526315789474	0.875	0.916666666666667	|	0.001	0.488372093023256	0.488372093023256	1	|	0.0005	0.4	0.4	1	|	
Michael Wagner	1.1	0	NaN	0	|	0.02	0.640243902439024	1	0.640243902439024	|	0.01	0.640243902439024	1	0.640243902439024	|	0.005	0.583333333333333	0.867768595041322	0.640243902439024	|	0.002	0.706730769230769	0.769633507853403	0.896341463414634	|	0.001	0.788461538461538	0.788461538461538	1	|	0.0005	0.403940886699507	0.403940886699507	1	|	
Lei Wang	1.1	0	NaN	0	|	0.02	0.460580912863071	0.68944099378882	0.581151832460733	|	0.01	0.387543252595156	0.533333333333333	0.586387434554974	|	0.005	0.311977715877437	0.4	0.586387434554974	|	0.002	0.139449541284404	0.144624167459562	0.795811518324607	|	0.001	0.139449541284404	0.144624167459562	0.795811518324607	|	0.0005	0.149102263856362	0.149102263856362	1	|	
Wei Wang	1.1	0	NaN	0	|	0.02	0.632056036258756	0.910385756676558	0.673989455184534	|	0.01	0.62340178225494	0.840647857889237	0.706942003514939	|	0.005	0.294950738916256	0.3122555410691	0.84182776801406	|	0.002	0.237281067556297	0.237281067556297	1	|	0.001	0.237281067556297	0.237281067556297	1	|	0.0005	0.237281067556297	0.237281067556297	1	|	
Bin Yu	1.1	0	NaN	0	|	0.02	0.625531914893617	1	0.625531914893617	|	0.01	0.685106382978723	1	0.685106382978723	|	0.005	0.895833333333333	0.977272727272727	0.914893617021277	|	0.002	0.48314606741573	0.505882352941176	0.914893617021277	|	0.001	0.445134575569358	0.464362850971922	0.914893617021277	|	0.0005	0.248414376321353	0.248414376321353	1	|	
Joseph Hellerstein	1.1	0	NaN	0	|	0.02	0.167276529012023	0.975609756097561	0.167979002624672	|	0.01	0.285887656033287	0.968860164512338	0.288538932633421	|	0.005	0.619350403849459	0.971952535059331	0.630621172353456	|	0.002	0.870530418573123	0.965057298515875	0.898862642169729	|	0.001	0.497405553026855	0.509036705794671	0.956080489938758	|	0.0005	0.502669039145907	0.505592841163311	0.988626421697288	|	
Average accuracy/precision/recall
1.1	0	NaN	0
0.02	0.629425978791836	0.957543650656294	0.645746660005446
0.01	0.701109975819072	0.933112676574556	0.730134368165831
0.005	0.716012465840328	0.833373883871467	0.823650473186831
0.002	0.575885154320036	0.608596320494066	0.926947443753596
0.001	0.484755420073252	0.488358825507806	0.966678562528464
0.0005	0.381750285546117	0.382042665747857	0.998862642169729
