1.1	0.02	0.01	0.005	0.002	0.001	0.0005	
Hui Fang	1.1	0	NaN	0	|	0.02	1	1	1	|	0.01	1	1	1	|	0.005	1	1	1	|	0.002	1	1	1	|	0.001	1	1	1	|	0.0005	1	1	1	|	
Ajay Gupta	1.1	0	NaN	0	|	0.02	0.758620689655172	1	0.758620689655172	|	0.01	0.931034482758621	1	0.931034482758621	|	0.005	0.931034482758621	1	0.931034482758621	|	0.002	0.658536585365854	0.692307692307692	0.931034482758621	|	0.001	0.473684210526316	0.490909090909091	0.931034482758621	|	0.0005	0.473684210526316	0.490909090909091	0.931034482758621	|	
Rakesh Kumar	1.1	0	NaN	0	|	0.02	1	1	1	|	0.01	1	1	1	|	0.005	1	1	1	|	0.002	1	1	1	|	0.001	1	1	1	|	0.0005	1	1	1	|	
Bing Liu	1.1	0	NaN	0	|	0.02	0.173757597425813	0.983805668016194	0.174256005736823	|	0.01	0.404390934844193	0.970263381478335	0.409465758336321	|	0.005	0.679478609625668	0.909212880143113	0.728935102187164	|	0.002	0.678027997565429	0.817614678899083	0.798852635353173	|	0.001	0.717272727272727	0.822446143154969	0.848691287199713	|	0.0005	0.794170673076923	0.830609679446889	0.947651487988526	|	
Jim Smith	1.1	0	NaN	0	|	0.02	0.75	1	0.75	|	0.01	0.845238095238095	1	0.845238095238095	|	0.005	0.916666666666667	1	0.916666666666667	|	0.002	0.916666666666667	1	0.916666666666667	|	0.001	1	1	1	|	0.0005	1	1	1	|	
Michael Wagner	1.1	0	NaN	0	|	0.02	0.640243902439024	1	0.640243902439024	|	0.01	0.640243902439024	1	0.640243902439024	|	0.005	0.61046511627907	0.929203539823009	0.640243902439024	|	0.002	0.854651162790698	0.948387096774194	0.896341463414634	|	0.001	0.641921397379913	0.693396226415094	0.896341463414634	|	0.0005	0.641921397379913	0.693396226415094	0.896341463414634	|	
Lei Wang	1.1	0	NaN	0	|	0.02	0.570707070707071	0.941666666666667	0.591623036649215	|	0.01	0.5	0.703488372093023	0.633507853403141	|	0.005	0.531365313653137	0.642857142857143	0.753926701570681	|	0.002	0.5	0.594262295081967	0.759162303664921	|	0.001	0.347504621072089	0.349442379182156	0.984293193717278	|	0.0005	0.275613275613276	0.275613275613276	1	|	
Wei Wang	1.1	0	NaN	0	|	0.02	0.524374735057228	0.937121212121212	0.543497363796134	|	0.01	0.676	0.882967607105538	0.742530755711775	|	0.005	0.488335925349922	0.543566070398154	0.827768014059754	|	0.002	0.332101138547982	0.333580870340116	0.986818980667838	|	0.001	0.331708757938266	0.333184987390595	0.986818980667838	|	0.0005	0.331708757938266	0.333184987390595	0.986818980667838	|	
Bin Yu	1.1	0	NaN	0	|	0.02	0.625531914893617	1	0.625531914893617	|	0.01	0.685106382978723	1	0.685106382978723	|	0.005	0.685106382978723	1	0.685106382978723	|	0.002	0.632352941176471	0.671875	0.914893617021277	|	0.001	0.632352941176471	0.671875	0.914893617021277	|	0.0005	0.632352941176471	0.671875	0.914893617021277	|	
Joseph Hellerstein	1.1	0	NaN	0	|	0.02	0.197143852316266	0.976704055220017	0.198075240594926	|	0.01	0.300940438871473	0.984615384615385	0.302362204724409	|	0.005	0.406174124176205	0.978687839531968	0.409798775153106	|	0.002	0.772226926333616	0.96	0.797900262467192	|	0.001	0.827033412082349	0.958724569640063	0.857567804024497	|	0.0005	0.832461588754495	0.926673944687045	0.891163604549431	|	
Average accuracy/precision/recall
1.1	0	NaN	0
0.02	0.624037976249419	0.983929760202409	0.628184815376491
0.01	0.698295423713013	0.954133474529228	0.718948943559011
0.005	0.724862662148801	0.900352747275339	0.789348002781374
0.002	0.734456341844672	0.801802763340305	0.900167041201432
0.001	0.697147806744813	0.731997839669197	0.941964082880386
0.0005	0.698191284446566	0.722226220446199	0.956790363640033
